111101000011
111101001000
111100111000
111101010010
111100101101
111101011011
111100100000
111101100100
111100010011
111101101100
111100000110
111101110100
111011110111
111101111100
111011101000
111110000011
111011011000
111110001001
111011000111
111110001111
111010110100
111110010101
111010100001
111110011010
111010001101
111110011111
111001111000
111110100100
111001100001
111110101001
111001001010
111110101101
111000110001
111110110001
111000010111
111110110101
110111111011
111110111000
110111011110
111110111011
110111000000
111110111110
110110100000
111111000001
110101111111
111111000100
110101011100
111111000111
110100111000
111111001001
110100010010
111111001011
110011101010
111111001101
110011000001
111111001111
110010010101
111111010001
110001101000
111111010011
110000111010
111111010101
110000001001
111111010110
101111010111
111111011000
101110100011
111111011001
101101101101
111111011010
101100110101
111111011100
101011111011
111111011101
101011000000
111111011110
101010000011
111111011111
101001000100
111111100000
101000000011
111111100001
100111000001
111111100010
100101111101
111111100010
100100110111
111111100011
100011110001
111111100100
100010101000
111111100101
100001011111
111111100101
100000010100
111111100110
011111001000
111111100110
011101111100
111111100111
011100101110
111111100111
011011100000
111111101000
011010010001
111111101000
011001000010
111111101001
010111110011
111111101001
010110100011
111111101001
010101010100
111111101010
010100000101
111111101010
010010110111
111111101010
010001101010
111111101011
010000011101
111111101011
001111010010
111111101011
001110000111
111111101011
001100111111
111111101100
001011111000
111111101100
001010110100
111111101100
001001110001
111111101100
001000110001
111111101100
000111110011
111111101100
000110111001
111111101101
000110000001
111111101101
000101001101
111111101101
000100011100
111111101101
000011101110
111111101101
000011000100
111111101101
000010011111
111111101101
000001111101
111111101101
000001011111
111111101101
000001000101
111111101101
000000110000
111111101101
000000011111
111111101101
000000010011
111111101101
000000001011
111111101101
000000000111
111111101101
000000001000
111111101101
000000001110
111111101101
000000011000
111111101101
000000100111
111111101101
000000111010
111111101101
000001010010
111111101101
000001101101
111111101101
000010001101
111111101101
000010110001
111111101101
000011011001
111111101101
000100000101
111111101101
000100110100
111111101101
000101100111
111111101101
000110011101
111111101101
000111010110
111111101100
001000010010
111111101100
001001010001
111111101100
001010010010
111111101100
001011010110
111111101100
001100011011
111111101011
001101100011
111111101011
001110101100
111111101011
001111110111
111111101011
010001000011
111111101010
010010010000
111111101010
010011011110
111111101010
010100101101
111111101010
010101111100
111111101001
010111001011
111111101001
011000011010
111111101000
011001101010
111111101000
011010111000
111111101000
011100000111
111111100111
011101010101
111111100111
011110100010
111111100110
011111101110
111111100101
100000111010
111111100101
100010000100
111111100100
100011001101
111111100100
100100010100
111111100011
100101011010
111111100010
100110011111
111111100001
100111100010
111111100000
101000100100
111111011111
101001100011
111111011110
101010100001
111111011101
101011011110
111111011100
101100011000
111111011011
101101010001
111111011010
101110001000
111111011001
101110111101
111111010111
101111110000
111111010110
110000100010
111111010100
110001010001
111111010010
110001111111
111111010000
110010101011
111111001110
110011010101
111111001100
110011111110
111111001010
110100100101
111111001000
110101001010
111111000101
110101101110
111111000011
110110010000
111111000000
110110110000
111110111101
110111001111
111110111010
110111101101
111110110110
111000001001
111110110011
111000100100
111110101111
111000111101
111110101011
111001010110
111110100110
111001101101
111110100010
111010000011
111110011101
111010010111
111110011000
111010101011
111110010010
111010111110
111110001100
111011001111
111110000110
111011100000
111101111111
111011110000
111101111000
111011111111
111101110000
111100001101
111101101000
111100011010
111101100000
111100100110
111101010111
111100110010
111101001101
111100111110
111101000011
111101001000
111100111000
111101010010
111100101101
111101011011
111100100000
111101100100
111100010011
111101101100
111100000110
111101110100
111011110111
111101111100
111011101000
111110000011
111011011000
111110001001
111011000111
111110001111
111010110100
111110010101
111010100001
111110011010
111010001101
111110011111
111001111000
111110100100
111001100001
111110101001
111001001010
111110101101
111000110001
111110110001
111000010111
111110110101
110111111011
111110111000
110111011110
111110111011
110111000000
111110111110
110110100000
111111000001
110101111111
111111000100
110101011100
111111000111
110100111000
111111001001
110100010010
111111001011
110011101010
111111001101
110011000001
111111001111
110010010101
111111010001
110001101000
111111010011
110000111010
111111010101
110000001001
111111010110
101111010111
111111011000
101110100011
111111011001
101101101101
111111011010
101100110101
111111011100
101011111011
111111011101
101011000000
111111011110
101010000011
111111011111
101001000100
111111100000
101000000011
111111100001
100111000001
111111100010
100101111101
111111100010
100100110111
111111100011
100011110001
111111100100
100010101000
111111100101
100001011111
111111100101
100000010100
111111100110
011111001000
111111100110
011101111100
111111100111
011100101110
111111100111
011011100000
111111101000
011010010001
111111101000
011001000010
111111101001
010111110011
111111101001
010110100011
111111101001
010101010100
111111101010
010100000101
111111101010
010010110111
111111101010
010001101010
111111101011
010000011101
111111101011
001111010010
111111101011
001110000111
111111101011
001100111111
111111101100
001011111000
111111101100
001010110100
111111101100
001001110001
111111101100
001000110001
111111101100
000111110011
111111101100
000110111001
111111101101
000110000001
111111101101
000101001101
111111101101
000100011100
111111101101
000011101110
111111101101
000011000100
111111101101
000010011111
111111101101
000001111101
111111101101
000001011111
111111101101
000001000101
111111101101
000000110000
111111101101
000000011111
111111101101
000000010011
111111101101
000000001011
111111101101
000000000111
111111101101
000000001000
111111101101
000000001110
111111101101
000000011000
111111101101
000000100111
111111101101
000000111010
111111101101
000001010010
111111101101
000001101101
111111101101
000010001101
111111101101
000010110001
111111101101
000011011001
111111101101
000100000101
111111101101
000100110100
111111101101
000101100111
111111101101
000110011101
111111101101
000111010110
111111101100
001000010010
111111101100
001001010001
111111101100
001010010010
111111101100
001011010110
111111101100
001100011011
111111101011
001101100011
111111101011
001110101100
111111101011
001111110111
111111101011
010001000011
111111101010
010010010000
111111101010
010011011110
111111101010
010100101101
111111101010
010101111100
111111101001
010111001011
111111101001
011000011010
111111101000
011001101010
111111101000
011010111000
111111101000
011100000111
111111100111
011101010101
111111100111
011110100010
111111100110
011111101110
111111100101
100000111010
111111100101
100010000100
111111100100
100011001101
111111100100
100100010100
111111100011
100101011010
111111100010
100110011111
111111100001
100111100010
111111100000
101000100100
111111011111
101001100011
111111011110
101010100001
111111011101
101011011110
111111011100
101100011000
111111011011
101101010001
111111011010
101110001000
111111011001
101110111101
111111010111
101111110000
111111010110
110000100010
111111010100
110001010001
111111010010
110001111111
111111010000
110010101011
111111001110
110011010101
111111001100
110011111110
111111001010
110100100101
111111001000
110101001010
111111000101
110101101110
111111000011
110110010000
111111000000
110110110000
111110111101
110111001111
111110111010
110111101101
111110110110
111000001001
111110110011
111000100100
111110101111
111000111101
111110101011
111001010110
111110100110
111001101101
111110100010
111010000011
111110011101
111010010111
111110011000
111010101011
111110010010
111010111110
111110001100
111011001111
111110000110
111011100000
111101111111
111011110000
111101111000
111011111111
111101110000
111100001101
111101101000
111100011010
111101100000
111100100110
111101010111
111100110010
111101001101
111100111110
111101000011
111101001000
111100111000
111101010010
111100101101
111101011011
111100100000
111101100100
111100010011
111101101100
111100000110
111101110100
111011110111
111101111100
111011101000
111110000011
111011011000
111110001001
111011000111
111110001111
111010110100
111110010101
111010100001
111110011010
111010001101
111110011111
111001111000
111110100100
111001100001
111110101001
111001001010
111110101101
111000110001
111110110001
111000010111
111110110101
110111111011
111110111000
110111011110
111110111011
110111000000
111110111110
110110100000
111111000001
110101111111
111111000100
110101011100
111111000111
110100111000
111111001001
110100010010
111111001011
110011101010
111111001101
110011000001
111111001111
110010010101
111111010001
110001101000
111111010011
110000111010
111111010101
110000001001
111111010110
101111010111
111111011000
101110100011
111111011001
101101101101
111111011010
101100110101
111111011100
101011111011
111111011101
101011000000
111111011110
101010000011
111111011111
101001000100
111111100000
101000000011
111111100001
100111000001
111111100010
100101111101
111111100010
100100110111
111111100011
100011110001
111111100100
100010101000
111111100101
100001011111
111111100101
100000010100
111111100110
011111001000
111111100110
011101111100
111111100111
011100101110
111111100111
011011100000
111111101000
011010010001
111111101000
011001000010
111111101001
010111110011
111111101001
010110100011
111111101001
010101010100
111111101010
010100000101
111111101010
010010110111
111111101010
010001101010
111111101011
010000011101
111111101011
001111010010
111111101011
001110000111
111111101011
001100111111
111111101100
001011111000
111111101100
001010110100
111111101100
001001110001
111111101100
001000110001
111111101100
000111110011
111111101100
000110111001
111111101101
000110000001
111111101101
000101001101
111111101101
000100011100
111111101101
000011101110
111111101101
000011000100
111111101101
000010011111
111111101101
000001111101
111111101101
000001011111
111111101101
000001000101
111111101101
000000110000
111111101101
000000011111
111111101101
000000010011
111111101101
000000001011
111111101101
000000000111
111111101101
000000001000
111111101101
000000001110
111111101101
000000011000
111111101101
000000100111
111111101101
000000111010
111111101101
000001010010
111111101101
000001101101
111111101101
000010001101
111111101101
000010110001
111111101101
000011011001
111111101101
000100000101
111111101101
000100110100
111111101101
000101100111
111111101101
000110011101
111111101101
000111010110
111111101100
001000010010
111111101100
001001010001
111111101100
001010010010
111111101100
001011010110
111111101100
001100011011
111111101011
001101100011
111111101011
001110101100
111111101011
001111110111
111111101011
010001000011
111111101010
010010010000
111111101010
010011011110
111111101010
010100101101
111111101010
010101111100
111111101001
010111001011
111111101001
011000011010
111111101000
011001101010
111111101000
011010111000
111111101000
011100000111
111111100111
011101010101
111111100111
011110100010
111111100110
011111101110
111111100101
100000111010
111111100101
100010000100
111111100100
100011001101
111111100100
100100010100
111111100011
100101011010
111111100010
100110011111
111111100001
100111100010
111111100000
101000100100
111111011111
101001100011
111111011110
101010100001
111111011101
101011011110
111111011100
101100011000
111111011011
101101010001
111111011010
101110001000
111111011001
101110111101
111111010111
101111110000
111111010110
110000100010
111111010100
110001010001
111111010010
110001111111
111111010000
110010101011
111111001110
110011010101
111111001100
110011111110
111111001010
110100100101
111111001000
110101001010
111111000101
110101101110
111111000011
110110010000
111111000000
110110110000
111110111101
110111001111
111110111010
110111101101
111110110110
111000001001
111110110011
111000100100
111110101111
111000111101
111110101011
111001010110
111110100110
111001101101
111110100010
111010000011
111110011101
111010010111
111110011000
111010101011
111110010010
111010111110
111110001100
111011001111
111110000110
111011100000
111101111111
111011110000
111101111000
111011111111
111101110000
111100001101
111101101000
111100011010
111101100000
111100100110
111101010111
111100110010
111101001101
111100111110
111101000011
