3.81578389622
3.82085205358
3.8051879475
3.8305486651
3.79395166647
3.83968466765
3.78204097838
3.84828976503
3.76942057366
3.85639242422
3.75605392791
3.86401989025
3.74190333056
3.87119820527
3.72692992309
3.87795223134
3.71109374763
3.88430567628
3.69435380672
3.89028112212
3.67666813506
3.89590005585
3.65799388415
3.90118290179
3.63828742061
3.90614905548
3.61750443887
3.91081691851
3.59560008919
3.91520393417
3.57252912152
3.9193266235
3.54824604599
3.92320062158
3.52270531059
3.92684071379
3.49586149643
3.93026087187
3.46766953113
3.9334742896
3.4380849205
3.93649341795
3.40706399872
3.93932999957
3.37456419692
3.94199510257
3.34054433008
3.94449915333
3.30496490182
3.94685196858
3.26778842656
3.9490627863
3.22897976821
3.9511402957
3.18850649447
3.95309266617
3.14633924543
3.95492757504
3.10245211495
3.95665223437
3.05682304313
3.95827341652
3.00943421777
3.95979747869
2.96027248262
3.9612303864
2.90932974962
3.96257773579
2.85660341259
3.96384477496
2.80209675902
3.96503642424
2.74581937667
3.96615729541
2.68778755145
3.96721171003
2.62802465264
3.96820371668
2.56656150152
3.96913710745
2.50343671922
3.97001543339
2.43869704942
3.97084201917
2.37239765161
3.97161997695
2.30460236023
3.9723522194
2.23538390554
3.97304147199
2.16482409154
3.97369028463
2.09301392664
3.97430104246
2.02005370314
3.9748759762
1.94605302128
3.97541717169
1.87113075439
3.97592657898
1.79541495166
3.97640602075
1.7190426758
3.97685720032
1.64215977281
3.97728170903
1.56492057222
3.97768103323
1.48748751618
3.97805656085
1.41003071675
3.9784095874
1.33272744122
3.97874132176
1.25576152617
3.97905289143
1.17932272153
3.97934534755
1.10360596678
3.97961966947
1.02881060216
3.97987676913
0.955139518627
3.980117495
0.882798250909
3.98034263585
0.811994018933
3.98055292423
0.742934723519
3.98074903964
0.675827902987
3.98093161155
0.610879657939
3.98110122213
0.548293552061
3.98125840883
0.488269497318
3.98140366668
0.43100263231
3.98153745048
0.376682202935
3.98166017677
0.325490454712
3.98177222565
0.277601546281
3.98187394241
0.233180493617
3.98196563906
0.192382154403
3.98204759564
0.155350261827
3.98212006146
0.122216516761
3.98218325616
0.0930997468275
3.98223737065
0.0681051403672
3.98228256797
0.04732356267
3.98231898395
0.0308309610982
3.9823467278
0.0186878649222
3.9823658826
0.0109389847932
3.98237650563
0.00761291581673
3.98237862865
0.00872194717421
3.982372258
0.0142619801926
3.98235737465
0.0242125556774
3.98233393409
0.0385369902367
3.98230186618
0.0571826202373
3.98226107484
0.0800811509657
3.98221143759
0.10714910753
3.9821528051
0.138288383051
3.98208500049
0.173386878771
3.98200781857
0.212319229829
3.98192102502
0.254947609702
3.98182435528
0.301122605622
3.98171751351
0.350684156683
3.98160017122
0.403462545894
3.98147196593
0.459279437058
3.98133249952
0.517948947108
3.98118133656
0.579278744386
3.9810180024
0.643071163329
3.98084198107
0.709124326124
3.98065271307
0.777233262051
3.98044959292
0.847191015557
3.98023196649
0.918789734482
3.97999912813
0.991821730307
3.97975031761
1.06608050288
3.97948471676
1.14136172263
3.97920144584
1.21746416403
3.97889955975
1.2941905847
3.97857804379
1.37134854533
3.97823580924
1.44875116636
3.97787168855
1.52621781821
3.97748443021
1.60357474238
3.97707269325
1.68065560193
3.97663504131
1.75730196019
3.97616993639
1.83336368748
3.97567573205
1.90869929637
3.97515066627
1.98317620643
3.97459285369
2.05667094024
3.97400027747
2.12906925283
3.9733707805
2.20026619735
3.97270205607
2.27016612999
3.971991638
2.33868265777
3.97123688999
2.40573853297
3.97043499446
2.47126549825
3.96958294059
2.53520408675
3.96867751164
2.59750338152
3.96771527152
2.65812073876
3.96669255055
2.71702147927
3.9656054304
2.77417855265
3.96444972809
2.82957217852
3.96322097918
2.88318946907
3.96191441996
2.93502403706
3.96052496869
2.98507559306
3.95904720584
3.03334953585
3.95747535332
3.07985653928
3.95580325262
3.12461213893
3.95402434195
3.1676363215
3.95213163225
3.20895311968
3.9501176821
3.24859021491
3.94797457154
3.28657855021
3.94569387482
3.32295195499
3.94326663201
3.35774678342
3.94068331959
3.39100156781
3.93793381993
3.42275668804
3.93500738983
3.45305405807
3.93189262809
3.48193682995
3.92857744216
3.50944911613
3.92504901403
3.53563572999
3.92129376537
3.56054194498
3.91729732209
3.58421327209
3.9130444785
3.60669525557
3.90851916108
3.62803328648
3.90370439218
3.64827243373
3.89858225386
3.66745729195
3.89313385196
3.68563184565
3.88733928085
3.70283934893
3.88117758904
3.71912222012
3.87462674596
3.73452195033
3.86766361039
3.74907902546
3.8602639008
3.76283286043
3.85240216815
3.77582174519
3.84405177146
3.78808280141
3.83518485688
3.79965194908
3.82577234058
3.81056388234
3.81578389622
3.82085205358
3.8051879475
3.8305486651
3.79395166647
3.83968466765
3.78204097838
3.84828976503
3.76942057366
3.85639242422
3.75605392791
3.86401989025
3.74190333056
3.87119820527
3.72692992309
3.87795223134
3.71109374763
3.88430567628
3.69435380672
3.89028112212
3.67666813506
3.89590005585
3.65799388415
3.90118290179
3.63828742061
3.90614905548
3.61750443887
3.91081691851
3.59560008919
3.91520393417
3.57252912152
3.9193266235
3.54824604599
3.92320062158
3.52270531059
3.92684071379
3.49586149643
3.93026087187
3.46766953113
3.9334742896
3.4380849205
3.93649341795
3.40706399872
3.93932999957
3.37456419692
3.94199510257
3.34054433008
3.94449915333
3.30496490182
3.94685196858
3.26778842656
3.9490627863
3.22897976821
3.9511402957
3.18850649447
3.95309266617
3.14633924543
3.95492757504
3.10245211495
3.95665223437
3.05682304313
3.95827341652
3.00943421777
3.95979747869
2.96027248262
3.9612303864
2.90932974962
3.96257773579
2.85660341259
3.96384477496
2.80209675902
3.96503642424
2.74581937668
3.96615729541
2.68778755145
3.96721171003
2.62802465264
3.96820371668
2.56656150152
3.96913710745
2.50343671922
3.97001543339
2.43869704943
3.97084201917
2.3723976516
3.97161997695
2.30460236022
3.9723522194
2.23538390554
3.97304147199
2.16482409153
3.97369028463
2.09301392664
3.97430104246
2.02005370314
3.9748759762
1.94605302128
3.97541717169
1.87113075439
3.97592657898
1.79541495166
3.97640602075
1.71904267579
3.97685720032
1.6421597728
3.97728170903
1.56492057222
3.97768103323
1.48748751618
3.97805656085
1.41003071675
3.9784095874
1.33272744122
3.97874132176
1.25576152617
3.97905289143
1.17932272153
3.97934534755
1.10360596678
3.97961966947
1.02881060216
3.97987676913
0.955139518627
3.980117495
0.882798250908
3.98034263585
0.811994018932
3.98055292423
0.742934723518
3.98074903964
0.675827902986
3.98093161155
0.610879657937
3.98110122213
0.54829355206
3.98125840883
0.488269497319
3.98140366668
0.431002632311
3.98153745048
0.376682202936
3.98166017677
0.325490454712
3.98177222565
0.277601546281
3.98187394241
0.233180493617
3.98196563906
0.192382154402
3.98204759564
0.155350261827
3.98212006146
0.122216516761
3.98218325616
0.0930997468273
3.98223737065
0.0681051403668
3.98228256797
0.0473235626697
3.98231898395
0.0308309610979
3.9823467278
0.0186878649224
3.9823658826
0.0109389847933
3.98237650563
0.00761291581674
3.98237862865
0.00872194717415
3.982372258
0.0142619801925
3.98235737465
0.0242125556773
3.98233393409
0.0385369902366
3.98230186618
0.0571826202374
3.98226107484
0.0800811509658
3.98221143759
0.10714910753
3.9821528051
0.138288383051
3.98208500049
0.173386878772
3.98200781857
0.21231922983
3.98192102502
0.254947609703
3.98182435528
0.301122605621
3.98171751351
0.350684156682
3.98160017122
0.403462545893
3.98147196593
0.459279437057
3.98133249952
0.517948947108
3.98118133656
0.579278744389
3.9810180024
0.643071163332
3.98084198107
0.709124326128
3.98065271307
0.777233262051
3.98044959292
0.847191015557
3.98023196649
0.918789734482
3.97999912813
0.991821730308
3.97975031761
1.06608050288
3.97948471676
1.14136172263
3.97920144584
1.21746416403
3.97889955975
1.2941905847
3.97857804379
1.37134854533
3.97823580924
1.44875116637
3.97787168855
1.52621781821
3.97748443021
1.60357474238
3.97707269325
1.68065560193
3.97663504131
1.75730196019
3.97616993639
1.83336368748
3.97567573205
1.90869929637
3.97515066627
1.98317620643
3.97459285369
2.05667094024
3.97400027747
2.12906925283
3.9733707805
2.20026619735
3.97270205607
2.27016612999
3.971991638
2.33868265777
3.97123688999
2.40573853297
3.97043499446
2.47126549825
3.96958294059
2.53520408675
3.96867751164
2.59750338152
3.96771527152
2.65812073876
3.96669255055
2.71702147927
3.9656054304
2.77417855265
3.96444972809
2.82957217852
3.96322097918
2.88318946907
3.96191441996
2.93502403706
3.96052496869
2.98507559306
3.95904720584
3.03334953585
3.95747535332
3.07985653928
3.95580325262
3.12461213893
3.95402434195
3.1676363215
3.95213163225
3.20895311968
3.9501176821
3.24859021491
3.94797457154
3.28657855021
3.94569387482
3.32295195499
3.94326663201
3.35774678342
3.94068331959
3.39100156781
3.93793381993
3.42275668804
3.93500738983
3.45305405807
3.93189262809
3.48193682995
3.92857744216
3.50944911613
3.92504901403
3.53563572999
3.92129376537
3.56054194498
3.91729732209
3.58421327209
3.9130444785
3.60669525557
3.90851916108
3.62803328648
3.90370439218
3.64827243373
3.89858225386
3.66745729195
3.89313385196
3.68563184565
3.88733928085
3.70283934893
3.88117758904
3.71912222012
3.87462674596
3.73452195033
3.86766361039
3.74907902546
3.8602639008
3.76283286043
3.85240216815
3.77582174519
3.84405177146
3.78808280141
3.83518485688
3.79965194908
3.82577234058
3.81056388234
3.81578389622
3.82085205358
3.8051879475
3.8305486651
3.79395166647
3.83968466765
3.78204097838
3.84828976503
3.76942057366
3.85639242422
3.75605392791
3.86401989025
3.74190333056
3.87119820527
3.72692992309
3.87795223134
3.71109374763
3.88430567628
3.69435380672
3.89028112212
3.67666813506
3.89590005585
3.65799388415
3.90118290179
3.63828742061
3.90614905548
3.61750443887
3.91081691851
3.59560008919
3.91520393417
3.57252912151
3.9193266235
3.54824604599
3.92320062158
3.52270531059
3.92684071379
3.49586149643
3.93026087187
3.46766953113
3.9334742896
3.4380849205
3.93649341795
3.40706399872
3.93932999957
3.37456419692
3.94199510257
3.34054433008
3.94449915333
3.30496490182
3.94685196858
3.26778842656
3.9490627863
3.22897976821
3.9511402957
3.18850649447
3.95309266617
3.14633924543
3.95492757504
3.10245211495
3.95665223437
3.05682304312
3.95827341652
3.00943421777
3.95979747869
2.96027248262
3.9612303864
2.90932974962
3.96257773579
2.85660341259
3.96384477496
2.80209675902
3.96503642424
2.74581937668
3.96615729541
2.68778755145
3.96721171003
2.62802465264
3.96820371668
2.56656150152
3.96913710745
2.50343671922
3.97001543339
2.43869704942
3.97084201917
2.37239765161
3.97161997695
2.30460236023
3.9723522194
2.23538390555
3.97304147199
2.16482409154
3.97369028463
2.09301392664
3.97430104246
2.02005370314
3.9748759762
1.94605302128
3.97541717169
1.87113075439
3.97592657898
1.79541495166
3.97640602075
1.7190426758
3.97685720032
1.64215977281
3.97728170903
1.56492057222
3.97768103323
1.48748751618
3.97805656085
1.41003071675
3.9784095874
1.33272744122
3.97874132176
1.25576152617
3.97905289143
1.17932272154
3.97934534755
1.10360596678
3.97961966947
1.02881060216
3.97987676913
0.95513951863
3.980117495
0.882798250911
3.98034263585
0.811994018935
3.98055292423
0.74293472352
3.98074903964
0.675827902989
3.98093161155
0.61087965794
3.98110122213
0.548293552062
3.98125840883
0.488269497319
3.98140366668
0.431002632311
3.98153745048
0.376682202936
3.98166017677
0.325490454714
3.98177222565
0.277601546283
3.98187394241
0.233180493619
3.98196563906
0.192382154404
3.98204759564
0.155350261828
3.98212006146
0.122216516762
3.98218325616
0.0930997468284
3.98223737065
0.0681051403677
3.98228256797
0.0473235626704
3.98231898395
0.0308309610985
3.9823467278
0.0186878649223
3.9823658826
0.0109389847933
3.98237650563
0.00761291581673
3.98237862865
0.00872194717434
3.982372258
0.014261980193
3.98235737465
0.024212555678
3.98233393409
0.0385369902375
3.98230186618
0.0571826202375
3.98226107484
0.080081150966
3.98221143759
0.10714910753
3.9821528051
0.138288383052
3.98208500049
0.173386878772
3.98200781857
0.21231922983
3.98192102502
0.254947609703
3.98182435528
0.301122605624
3.98171751351
0.350684156685
3.98160017122
0.403462545896
3.98147196593
0.45927943706
3.98133249952
0.517948947111
3.98118133656
0.579278744389
3.9810180024
0.64307116333
3.98084198107
0.709124326129
3.98065271307
0.777233262055
3.98044959292
0.847191015561
3.98023196649
0.918789734486
3.97999912813
0.991821730312
3.97975031761
1.06608050288
3.97948471676
1.14136172263
3.97920144584
1.21746416403
3.97889955975
1.2941905847
3.97857804379
1.37134854532
3.97823580924
1.44875116636
3.97787168855
1.52621781821
3.97748443021
1.60357474238
3.97707269325
1.68065560193
3.97663504131
1.75730196019
3.97616993639
1.83336368748
3.97567573205
1.90869929637
3.97515066627
1.98317620644
3.97459285369
2.05667094024
3.97400027747
2.12906925283
3.9733707805
2.20026619735
3.97270205607
2.27016612999
3.971991638
2.33868265777
3.97123688999
2.40573853297
3.97043499446
2.47126549825
3.96958294059
2.53520408675
3.96867751164
2.59750338152
3.96771527152
2.65812073876
3.96669255055
2.71702147927
3.9656054304
2.77417855265
3.96444972809
2.82957217852
3.96322097918
2.88318946908
3.96191441996
2.93502403706
3.96052496869
2.98507559306
3.95904720584
3.03334953585
3.95747535332
3.07985653928
3.95580325262
3.12461213893
3.95402434195
3.1676363215
3.95213163225
3.20895311968
3.9501176821
3.24859021491
3.94797457154
3.28657855021
3.94569387482
3.32295195499
3.94326663201
3.35774678342
3.94068331959
3.39100156781
3.93793381993
3.42275668804
3.93500738983
3.45305405807
3.93189262809
3.48193682995
3.92857744216
3.50944911613
3.92504901403
3.53563572999
3.92129376537
3.56054194498
3.91729732209
3.58421327209
3.9130444785
3.60669525557
3.90851916108
3.62803328648
3.90370439218
3.64827243373
3.89858225386
3.66745729195
3.89313385196
3.68563184565
3.88733928085
3.70283934893
3.88117758904
3.71912222012
3.87462674596
3.73452195033
3.86766361039
3.74907902546
3.8602639008
3.76283286043
3.85240216815
3.77582174519
3.84405177146
3.78808280141
3.83518485688
3.79965194908
3.82577234058
3.81056388234
3.81578389622
