-1.74745877466
-1.77698152443
-1.68841590275
-1.83601651367
-1.62939405051
-1.89501997575
-1.57041423012
-1.95397090503
-1.51149743881
-2.01284831457
-1.45266465135
-2.0716312436
-1.39393681263
-2.13029876501
-1.33533483016
-2.18882999275
-1.27687956665
-2.24720408931
-1.21859183257
-2.30540027309
-1.16049237875
-2.36339782587
-1.10260188901
-2.42117610011
-1.04494097276
-2.47871452634
-0.987530157667
-2.53599262051
-0.93038988239
-2.5929899912
-0.873540489256
-2.64968634697
-0.817002217041
-2.70606150352
-0.760795193756
-2.7620953909
-0.70493942949
-2.81776806068
-0.649454809278
-2.87305969299
-0.594361086026
-2.92795060364
-0.53967787348
-2.98242125108
-0.485424639238
-3.03645224338
-0.431620697824
-3.09002434515
-0.378285203812
-3.14311848435
-0.325437145005
-3.1957157591
-0.273095335674
-3.2477974444
-0.221278409864
-3.29934499882
-0.170004814756
-3.35034007107
-0.119292804103
-3.40076450657
-0.0691604317299
-3.45060035385
-0.0196255451049
-3.49982987103
0.0292942210118
-3.54843553205
0.0775814508464
-3.59640003296
0.125218953814
-3.64370629807
0.172189770635
-3.69033748602
0.218477179376
-3.7362769958
0.264064701402
-3.78150847262
0.308936107241
-3.82601581376
0.353075422364
-3.8697831743
0.396466932872
-3.91279497277
0.439095191088
-3.95503589666
0.48094502106
-3.99649090792
0.52200152396
-4.03714524828
0.562250083391
-4.07698444451
0.601676370589
-4.11599431359
0.640266349525
-4.15416096773
0.678006281902
-4.19147081935
0.714882732043
-4.22791058588
0.750882571678
-4.2634672945
0.785992984619
-4.2981282868
0.820201471315
-4.33188122321
0.853495853311
-4.36471408747
0.885864277578
-4.39661519084
0.917295220733
-4.42757317631
0.947777493147
-4.45757702263
0.977300242918
-4.48661604822
1.00585295975
-4.51467991499
1.03342547867
-4.54175863201
1.06000798368
-4.56784255907
1.08559101122
-4.59292241011
1.11016545356
-4.61698925653
1.13372256203
-4.64003453038
1.15625395014
-4.66205002736
1.17775159655
-4.68302790983
1.19820784796
-4.7029607095
1.21761542179
-4.72184133016
1.23596740884
-4.73966305019
1.25325727564
-4.75641952492
1.26947886691
-4.77210478893
1.28462640763
-4.78671325817
1.29869450518
-4.80023973192
1.31167815122
-4.81267939466
1.32357272348
-4.82402781779
1.33437398742
-4.83428096118
1.34407809771
-4.84343517466
1.35268159961
-4.85148719925
1.36018143023
-4.85843416838
1.36657491957
-4.86427360888
1.37185979151
-4.86900344188
1.37603416459
-4.87262198351
1.37909655271
-4.87512794555
1.38104586563
-4.87652043587
1.3818814094
-4.87679895872
1.38160288655
-4.87596341496
1.38021039623
-4.87401410203
1.37770443419
-4.87095171391
1.37408589256
-4.86677734083
1.36935605956
-4.86149246889
1.36351661906
-4.85509897955
1.35656964993
-4.84759914893
1.34851762534
-4.83899564703
1.33936341186
-4.82929153674
1.32911026847
-4.81849027281
1.31776184534
-4.80659570054
1.3053221826
-4.7936120545
1.29179570885
-4.77954395695
1.27718723961
-4.76439641623
1.26150197559
-4.74817482496
1.24474550086
-4.73088495816
1.22692378084
-4.71253297112
1.20804316018
-4.69312539728
1.18811036051
-4.67266914587
1.16713247804
-4.65117149946
1.14511698105
-4.62864011135
1.12207170721
-4.60508300288
1.09800486079
-4.58050856054
1.07292500974
-4.554925533
1.04684108269
-4.52834302799
1.01976236567
-4.50077050907
0.991698498897
-4.47221779224
0.962659473307
-4.44269504247
0.932655626988
-4.41221277006
0.901697641516
-4.3807818269
0.869796538146
-4.34841340263
0.836963673892
-4.31511902064
0.803210737477
-4.28091053394
0.768549745181
-4.245800121
0.732993036554
-4.20980028136
0.696553270029
-4.17292383122
0.659243418413
-4.13518389885
0.62107676427
-4.09659391991
0.582066895191
-4.05716763271
0.542227698958
-4.01691907328
0.5015733586
-3.97586257038
0.460118347339
-3.93401274041
0.417877423446
-3.89138448219
0.374865624979
-3.84799297169
0.331098264435
-3.80385365656
0.286590923295
-3.75898225072
0.241359446478
-3.7133947287
0.195419936702
-3.66710731996
0.148788748747
-3.62013650314
0.101482483636
-3.57249900017
0.0535179827248
-3.52421177033
0.00491232170837
-3.47529200422
-0.0443171954672
-3.42575711759
-0.0941530427541
-3.37562474522
-0.144577478248
-3.32491273456
-0.195572550504
-3.27363913946
-0.247120104924
-3.22182221365
-0.299201790226
-3.16948040432
-0.35179906497
-3.11663234551
-0.404893204167
-3.0632968515
-0.458465305938
-3.00949291008
-0.512496298245
-2.95523967584
-0.566966945684
-2.90055646329
-0.62185785633
-2.84546274004
-0.677149488641
-2.78997811983
-0.732822158417
-2.73412235557
-0.788856045804
-2.67791533228
-0.845231202353
-2.62137706006
-0.901927558121
-2.56452766693
-0.958924928814
-2.50738739165
-1.01620302298
-2.44997657657
-1.07374144922
-2.39231566031
-1.13151972346
-2.33442517057
-1.18951727623
-2.27632571676
-1.24771346002
-2.21803798267
-1.30608755657
-2.15958271916
-1.36461878431
-2.10098073669
-1.42328630572
-2.04225289797
-1.48206923475
-1.98342011051
-1.54094664429
-1.9245033192
-1.59989757357
-1.86552349881
-1.65890103565
-1.80650164657
-1.71793602489
-1.74745877466
-1.77698152443
-1.68841590275
-1.83601651368
-1.62939405051
-1.89501997575
-1.57041423012
-1.95397090503
-1.51149743881
-2.01284831457
-1.45266465135
-2.0716312436
-1.39393681263
-2.13029876501
-1.33533483016
-2.18882999275
-1.27687956665
-2.24720408931
-1.21859183257
-2.30540027309
-1.16049237875
-2.36339782587
-1.10260188901
-2.4211761001
-1.04494097276
-2.47871452634
-0.987530157667
-2.53599262051
-0.93038988239
-2.5929899912
-0.873540489256
-2.64968634697
-0.817002217041
-2.70606150352
-0.760795193757
-2.7620953909
-0.70493942949
-2.81776806068
-0.649454809278
-2.87305969299
-0.594361086027
-2.92795060364
-0.53967787348
-2.98242125108
-0.485424639239
-3.03645224338
-0.431620697825
-3.09002434515
-0.378285203813
-3.14311848435
-0.325437145005
-3.1957157591
-0.273095335674
-3.2477974444
-0.221278409864
-3.29934499882
-0.170004814756
-3.35034007107
-0.119292804105
-3.40076450657
-0.0691604317307
-3.45060035385
-0.0196255451054
-3.49982987103
0.0292942210113
-3.54843553205
0.0775814508462
-3.59640003296
0.125218953814
-3.64370629807
0.172189770635
-3.69033748602
0.218477179375
-3.7362769958
0.264064701401
-3.78150847262
0.30893610724
-3.82601581376
0.353075422364
-3.8697831743
0.396466932871
-3.91279497277
0.439095191088
-3.95503589666
0.480945021061
-3.99649090792
0.522001523961
-4.03714524828
0.562250083391
-4.07698444451
0.60167637059
-4.11599431359
0.640266349526
-4.15416096773
0.678006281902
-4.19147081935
0.714882732043
-4.22791058588
0.750882571679
-4.2634672945
0.785992984619
-4.2981282868
0.820201471316
-4.33188122321
0.853495853312
-4.36471408747
0.885864277579
-4.39661519084
0.917295220733
-4.42757317631
0.947777493146
-4.45757702263
0.977300242918
-4.48661604822
1.00585295975
-4.51467991499
1.03342547867
-4.54175863201
1.06000798368
-4.56784255907
1.08559101122
-4.59292241011
1.11016545356
-4.61698925653
1.13372256203
-4.64003453038
1.15625395014
-4.66205002736
1.17775159655
-4.68302790983
1.19820784796
-4.7029607095
1.2176154218
-4.72184133016
1.23596740884
-4.73966305019
1.25325727564
-4.75641952492
1.26947886691
-4.77210478893
1.28462640763
-4.78671325817
1.29869450518
-4.80023973192
1.31167815122
-4.81267939466
1.32357272348
-4.82402781779
1.33437398742
-4.83428096118
1.34407809771
-4.84343517466
1.35268159961
-4.85148719925
1.36018143023
-4.85843416838
1.36657491957
-4.86427360888
1.37185979151
-4.86900344188
1.37603416459
-4.87262198351
1.37909655271
-4.87512794555
1.38104586563
-4.87652043587
1.3818814094
-4.87679895872
1.38160288655
-4.87596341496
1.38021039623
-4.87401410203
1.37770443419
-4.87095171391
1.37408589256
-4.86677734083
1.36935605956
-4.86149246889
1.36351661906
-4.85509897955
1.35656964993
-4.84759914893
1.34851762534
-4.83899564703
1.33936341186
-4.82929153674
1.32911026847
-4.81849027281
1.31776184534
-4.80659570054
1.3053221826
-4.7936120545
1.29179570885
-4.77954395695
1.27718723961
-4.76439641623
1.26150197559
-4.74817482497
1.24474550086
-4.73088495816
1.22692378084
-4.71253297112
1.20804316018
-4.69312539728
1.18811036051
-4.67266914587
1.16713247804
-4.65117149946
1.14511698105
-4.62864011135
1.12207170721
-4.60508300288
1.09800486079
-4.58050856054
1.07292500974
-4.554925533
1.04684108269
-4.52834302799
1.01976236567
-4.50077050907
0.991698498897
-4.47221779224
0.962659473306
-4.44269504247
0.932655626987
-4.41221277005
0.901697641515
-4.3807818269
0.869796538145
-4.34841340263
0.836963673891
-4.31511902064
0.803210737478
-4.28091053394
0.768549745181
-4.245800121
0.732993036554
-4.20980028136
0.696553270028
-4.17292383122
0.659243418412
-4.13518389885
0.621076764269
-4.09659391991
0.582066895191
-4.05716763271
0.542227698958
-4.01691907328
0.501573358599
-3.97586257038
0.460118347338
-3.93401274041
0.417877423445
-3.89138448219
0.374865624978
-3.84799297168
0.331098264434
-3.80385365656
0.286590923293
-3.75898225072
0.241359446479
-3.7133947287
0.195419936702
-3.66710731996
0.148788748746
-3.62013650314
0.101482483636
-3.57249900017
0.0535179827256
-3.52421177033
0.00491232170803
-3.47529200422
-0.0443171954675
-3.42575711759
-0.0941530427545
-3.37562474522
-0.144577478249
-3.32491273456
-0.195572550504
-3.27363913946
-0.247120104925
-3.22182221365
-0.299201790227
-3.16948040432
-0.351799064972
-3.11663234551
-0.404893204166
-3.0632968515
-0.458465305937
-3.00949291008
-0.512496298244
-2.95523967584
-0.566966945683
-2.9005564633
-0.621857856329
-2.84546274004
-0.677149488641
-2.78997811983
-0.732822158417
-2.73412235557
-0.788856045804
-2.67791533228
-0.845231202353
-2.62137706006
-0.901927558121
-2.56452766693
-0.958924928815
-2.50738739165
-1.01620302298
-2.44997657656
-1.07374144922
-2.39231566031
-1.13151972346
-2.33442517057
-1.18951727623
-2.27632571676
-1.24771346001
-2.21803798268
-1.30608755657
-2.15958271916
-1.36461878431
-2.10098073669
-1.42328630572
-2.04225289797
-1.48206923476
-1.98342011051
-1.54094664429
-1.9245033192
-1.59989757357
-1.86552349881
-1.65890103565
-1.80650164657
-1.71793602489
-1.74745877466
-1.77698152443
-1.68841590275
-1.83601651368
-1.62939405051
-1.89501997575
-1.57041423012
-1.95397090503
-1.51149743881
-2.01284831457
-1.45266465135
-2.0716312436
-1.39393681263
-2.13029876501
-1.33533483016
-2.18882999275
-1.27687956665
-2.24720408931
-1.21859183257
-2.30540027309
-1.16049237875
-2.36339782587
-1.10260188901
-2.42117610011
-1.04494097276
-2.47871452634
-0.987530157666
-2.53599262051
-0.930389882389
-2.5929899912
-0.873540489256
-2.64968634697
-0.81700221704
-2.70606150352
-0.760795193758
-2.7620953909
-0.704939429491
-2.81776806068
-0.649454809279
-2.87305969299
-0.594361086028
-2.92795060364
-0.539677873481
-2.98242125108
-0.485424639238
-3.03645224338
-0.431620697824
-3.09002434515
-0.378285203813
-3.14311848435
-0.325437145005
-3.1957157591
-0.273095335674
-3.2477974444
-0.221278409864
-3.29934499882
-0.170004814756
-3.35034007107
-0.119292804103
-3.40076450657
-0.0691604317292
-3.45060035385
-0.0196255451062
-3.49982987103
0.0292942210104
-3.54843553205
0.0775814508454
-3.59640003296
0.125218953813
-3.64370629807
0.172189770634
-3.69033748602
0.218477179376
-3.7362769958
0.264064701401
-3.78150847262
0.308936107241
-3.82601581376
0.353075422364
-3.8697831743
0.396466932872
-3.91279497277
0.439095191088
-3.95503589666
0.48094502106
-3.99649090792
0.52200152396
-4.03714524828
0.56225008339
-4.07698444451
0.601676370588
-4.11599431359
0.640266349524
-4.15416096773
0.678006281901
-4.19147081935
0.714882732042
-4.22791058587
0.750882571678
-4.2634672945
0.785992984618
-4.2981282868
0.820201471314
-4.33188122321
0.85349585331
-4.36471408747
0.885864277577
-4.39661519084
0.917295220733
-4.42757317631
0.947777493146
-4.45757702263
0.977300242918
-4.48661604822
1.00585295975
-4.51467991499
1.03342547867
-4.54175863201
1.06000798368
-4.56784255907
1.08559101122
-4.59292241011
1.11016545356
-4.61698925653
1.13372256203
-4.64003453038
1.15625395013
-4.66205002736
1.17775159655
-4.68302790983
1.19820784796
-4.7029607095
1.21761542179
-4.72184133016
1.23596740884
-4.73966305019
1.25325727564
-4.75641952492
1.26947886691
-4.77210478893
1.28462640763
-4.78671325817
1.29869450518
-4.80023973192
1.31167815122
-4.81267939466
1.32357272348
-4.82402781779
1.33437398742
-4.83428096118
1.34407809771
-4.84343517466
1.35268159961
-4.85148719925
1.36018143023
-4.85843416838
1.36657491957
-4.86427360888
1.37185979151
-4.86900344188
1.37603416459
-4.87262198351
1.37909655271
-4.87512794555
1.38104586563
-4.87652043587
1.3818814094
-4.87679895872
1.38160288655
-4.87596341496
1.38021039623
-4.87401410203
1.37770443419
-4.87095171391
1.37408589256
-4.86677734083
1.36935605956
-4.86149246889
1.36351661906
-4.85509897955
1.35656964993
-4.84759914893
1.34851762534
-4.83899564703
1.33936341186
-4.82929153674
1.32911026847
-4.81849027281
1.31776184534
-4.80659570054
1.3053221826
-4.7936120545
1.29179570885
-4.77954395695
1.27718723961
-4.76439641623
1.26150197559
-4.74817482496
1.24474550086
-4.73088495816
1.22692378084
-4.71253297112
1.20804316018
-4.69312539728
1.18811036051
-4.67266914587
1.16713247804
-4.65117149946
1.14511698105
-4.62864011135
1.12207170721
-4.60508300288
1.09800486078
-4.58050856054
1.07292500974
-4.554925533
1.04684108269
-4.52834302799
1.01976236567
-4.50077050907
0.991698498898
-4.47221779224
0.962659473307
-4.44269504247
0.932655626988
-4.41221277006
0.901697641516
-4.3807818269
0.869796538147
-4.34841340263
0.836963673892
-4.31511902064
0.803210737478
-4.28091053394
0.768549745181
-4.245800121
0.732993036554
-4.20980028136
0.696553270028
-4.17292383122
0.659243418412
-4.13518389885
0.621076764269
-4.09659391991
0.58206689519
-4.05716763271
0.542227698958
-4.01691907328
0.501573358598
-3.97586257038
0.460118347338
-3.93401274041
0.417877423444
-3.89138448219
0.374865624977
-3.84799297168
0.331098264433
-3.80385365656
0.286590923293
-3.75898225072
0.241359446476
-3.7133947287
0.195419936699
-3.66710731995
0.148788748744
-3.62013650313
0.101482483633
-3.57249900017
0.053517982723
-3.52421177034
0.00491232171004
-3.47529200422
-0.0443171954655
-3.42575711759
-0.0941530427524
-3.37562474522
-0.144577478246
-3.32491273457
-0.195572550502
-3.27363913946
-0.247120104922
-3.22182221365
-0.299201790224
-3.16948040432
-0.35179906497
-3.11663234551
-0.404893204167
-3.0632968515
-0.458465305937
-3.00949291008
-0.512496298244
-2.95523967584
-0.566966945684
-2.90055646329
-0.62185785633
-2.84546274004
-0.677149488642
-2.78997811983
-0.732822158418
-2.73412235556
-0.788856045805
-2.67791533228
-0.845231202354
-2.62137706006
-0.901927558121
-2.56452766693
-0.958924928815
-2.50738739165
-1.01620302298
-2.44997657656
-1.07374144922
-2.39231566031
-1.13151972346
-2.33442517057
-1.18951727623
-2.27632571675
-1.24771346002
-2.21803798267
-1.30608755657
-2.15958271916
-1.36461878431
-2.10098073669
-1.42328630572
-2.04225289797
-1.48206923475
-1.98342011052
-1.54094664429
-1.9245033192
-1.59989757357
-1.86552349881
-1.65890103565
-1.80650164657
-1.71793602489
-1.74745877466
