00111111101100101100001010010000
00111111101011011100001010010000
00111111101111011100001010010000
00111111101000111100001010010000
00111111110010001100001010010000
00111111100110101100001010010000
00111111110101011100001010010000
00111111100100011100001010010000
00111111111000101100001010010000
00111111100010011100001010010000
00111111111011111100001010010000
00111111100000011100001010010000
00111111111111101100001010010000
00111111111100111000010100100000
00111111100001101110000101001000
00111111111001011000010100100000
00111111100011101110000101001000
00111111110110011000010100100000
00111111100101110110000101001000
00111111110011011000010100100000
00111111101000001110000101001000
00111111110000011000010100100000
00111111101010100110000101001000
00111111101101111000010100100000
00111111101101000110000101001000
00111111101011011000010100100000
00111111101111101110000101001000
00111111101000111000010100100000
00111111110010100110000101001000
00111111100110011000010100100000
00111111110101011110000101001000
00111111100100011000010100100000
00111111111000100110000101001000
00111111100010011000010100100000
00111111111011110110000101001000
00111111100000011000010100100000
00111111111111010110000101001000
00111111111101110000101001000000
00111111100001011111000010100100
00111111111010110000101001000000
00111111100011010111000010100100
00111111110111110000101001000000
00111111100101010111000010100100
00111111110100110000101001000000
00111111100111011011000010100100
00111111110001110000101001000000
00111111101001100111000010100100
00111111101110110000101001000000
00111111101011110111000010100100
00111111101100110000101001000000
00111111101110001111000010100100
00111111101010110000101001000000
00111111110000101111000010100100
00111111101000110000101001000000
00111111110011010011000010100100
00111111100110110000101001000000
00111111110110000011000010100100
00111111100100110000101001000000
00111111111000110111000010100100
00111111100010110000101001000000
00111111111011101111000010100100
00111111100000110000101001000000
00111111111110110011000010100100
00111111111111100001010010000000
00111111100000111101100001010010
00111111111011100001010010000000
00111111100010100101100001010010
00111111111001100001010010000000
00111111100100010001100001010010
00111111110111100001010010000000
00111111100110000001100001010010
00111111110011100001010010000000
00111111100111110101100001010010
00111111110001100001010010000000
00111111101001101011100001010010
00111111101111100001010010000000
00111111101011100101100001010010
00111111101101100001010010000000
00111111101101100011100001010010
00111111101011100001010010000000
00111111101111100101100001010010
00111111101001100001010010000000
00111111110001101001100001010010
00111111100111100001010010000000
00111111110011110001100001010010
00111111100111100001010010000000
00111111110101111101100001010010
00111111100101100001010010000000
00111111111000001001100001010010
00111111100011100001010010000000
00111111111010011011100001010010
00111111100001100001010010000000
00111111111100101101100001010010
00111111100001100001010010000000
00111111111111000011100001010010
00111111111111000010100100000000
00111111100000101101110000101001
00111111111111000010100100000000
00111111100001111001110000101001
00111111111011000010100100000000
00111111100011000111110000101001
00111111111011000010100100000000
00111111100100010101110000101001
00111111110111000010100100000000
00111111100101100100110000101001
00111111110111000010100100000000
00111111100110110011110000101001
00111111110011000010100100000000
00111111101000000010110000101001
00111111110011000010100100000000
00111111101001010010110000101001
00111111110011000010100100000000
00111111101010100001110000101001
00111111101111000010100100000000
00111111101011110000110000101001
00111111101111000010100100000000
00111111101100111110110000101001
00111111101111000010100100000000
00111111101110001011110000101001
00111111101011000010100100000000
00111111101111011000110000101001
00111111101011000010100100000000
00111111110000100011110000101001
00111111101011000010100100000000
00111111110001101110110000101001
00111111101011000010100100000000
00111111110010110110110000101001
00111111100111000010100100000000
00111111110011111101110000101001
00111111100111000010100100000000
00111111110101000001110000101001
00111111100111000010100100000000
00111111110110000100110000101001
00111111100111000010100100000000
00111111110111000100110000101001
00111111100111000010100100000000
00111111111000000010110000101001
00111111100111000010100100000000
00111111111000111100110000101001
00111111100011000010100100000000
00111111111001110100110000101001
00111111100011000010100100000000
00111111111010101000110000101001
00111111100011000010100100000000
00111111111011011001110000101001
00111111100011000010100100000000
00111111111100000111110000101001
00111111100011000010100100000000
00111111111100110001110000101001
00111111100011000010100100000000
00111111111101010110110000101001
00111111100011000010100100000000
00111111111101111000110000101001
00111111100011000010100100000000
00111111111110010110110000101001
00111111100011000010100100000000
00111111111110110000110000101001
00111111100011000010100100000000
00111111111111000101110000101001
00111111100011000010100100000000
00111111111111010110110000101001
00111111100011000010100100000000
00111111111111100010110000101001
00111111100011000010100100000000
00111111111111101010110000101001
00111111100011000010100100000000
00111111111111101110110000101001
00111111100011000010100100000000
00111111111111101101110000101001
00111111100011000010100100000000
00111111111111100111110000101001
00111111100011000010100100000000
00111111111111011101110000101001
00111111100011000010100100000000
00111111111111001110110000101001
00111111100011000010100100000000
00111111111110111011110000101001
00111111100011000010100100000000
00111111111110100011110000101001
00111111100011000010100100000000
00111111111110001000110000101001
00111111100011000010100100000000
00111111111101101000110000101001
00111111100011000010100100000000
00111111111101000100110000101001
00111111100011000010100100000000
00111111111100011100110000101001
00111111100011000010100100000000
00111111111011110000110000101001
00111111100011000010100100000000
00111111111011000001110000101001
00111111100011000010100100000000
00111111111010001110110000101001
00111111100011000010100100000000
00111111111001011000110000101001
00111111100011000010100100000000
00111111111000011111110000101001
00111111100111000010100100000000
00111111110111100011110000101001
00111111100111000010100100000000
00111111110110100100110000101001
00111111100111000010100100000000
00111111110101100011110000101001
00111111100111000010100100000000
00111111110100011111110000101001
00111111100111000010100100000000
00111111110011011010110000101001
00111111101011000010100100000000
00111111110010010010110000101001
00111111101011000010100100000000
00111111110001001001110000101001
00111111101011000010100100000000
00111111101111111110110000101001
00111111101011000010100100000000
00111111101110110010110000101001
00111111101111000010100100000000
00111111101101100101110000101001
00111111101111000010100100000000
00111111101100010111110000101001
00111111101111000010100100000000
00111111101011001000110000101001
00111111101111000010100100000000
00111111101001111001110000101001
00111111110011000010100100000000
00111111101000101010110000101001
00111111110011000010100100000000
00111111100111011011110000101001
00111111110111000010100100000000
00111111100110001011110000101001
00111111110111000010100100000000
00111111100100111101110000101001
00111111110111000010100100000000
00111111100011101110110000101001
00111111111011000010100100000000
00111111100010100000110000101001
00111111111011000010100100000000
00111111100001010011110000101001
00111111111111000010100100000000
00111111100000000111110000101001
00111111100001100001010010000000
00111111111101110111100001010010
00111111100001100001010010000000
00111111111011100011100001010010
00111111100011100001010010000000
00111111111001010001100001010010
00111111100011100001010010000000
00111111110111000011100001010010
00111111100101100001010010000000
00111111110100110111100001010010
00111111100111100001010010000000
00111111110010101101100001010010
00111111101001100001010010000000
00111111110000100111100001010010
00111111101011100001010010000000
00111111101110100011100001010010
00111111101101100001010010000000
00111111101100100101100001010010
00111111101111100001010010000000
00111111101010101001100001010010
00111111110001100001010010000000
00111111101000101111100001010010
00111111110011100001010010000000
00111111100110111011100001010010
00111111110101100001010010000000
00111111100101001001100001010010
00111111110111100001010010000000
00111111100011011011100001010010
00111111111001100001010010000000
00111111100001110001100001010010
00111111111101100001010010000000
00111111100000001011100001010010
00111111111111100001010010000000
00111111111101001111000010100100
00111111100001110000101001000000
00111111111010010011000010100100
00111111100011110000101001000000
00111111110111011011000010100100
00111111100101110000101001000000
00111111110100101011000010100100
00111111100111110000101001000000
00111111110010000011000010100100
00111111101001110000101001000000
00111111101111011111000010100100
00111111101011110000101001000000
00111111101101000011000010100100
00111111101101110000101001000000
00111111101010101111000010100100
00111111110000110000101001000000
00111111101000011111000010100100
00111111110010110000101001000000
00111111100110010111000010100100
00111111110101110000101001000000
00111111100100010111000010100100
00111111111000110000101001000000
00111111100010011011000010100100
00111111111011110000101001000000
00111111100000100011000010100100
00111111111111110000101001000000
00111111111101100110000101001000
00111111100001011000010100100000
00111111111010001110000101001000
00111111100011011000010100100000
00111111110111000110000101001000
00111111100101011000010100100000
00111111110011111110000101001000
00111111100111111000010100100000
00111111110001000110000101001000
00111111101001111000010100100000
00111111101110010110000101001000
00111111101100011000010100100000
00111111101011110110000101001000
00111111101110111000010100100000
00111111101001010110000101001000
00111111110001111000010100100000
00111111100110111110000101001000
00111111110100111000010100100000
00111111100100110110000101001000
00111111110111111000010100100000
00111111100010101110000101001000
00111111111011011000010100100000
00111111100000101110000101001000
00111111111110111000010100100000
00111111111101101100001010010000
00111111100001011100001010010000
00111111111010001100001010010000
00111111100011011100001010010000
00111111110110111100001010010000
00111111100101011100001010010000
00111111110011111100001010010000
00111111100111101100001010010000
00111111110000111100001010010000
00111111101010001100001010010000
00111111101101111100001010010000
00111111101100101100001010010000
00111111101011011100001010010000
00111111101111011100001010010000
00111111101000111100001010010000
00111111110010001100001010010000
00111111100110101100001010010000
00111111110101011100001010010000
00111111100100011100001010010000
00111111111000101100001010010000
00111111100010011100001010010000
00111111111011111100001010010000
00111111100000011100001010010000
00111111111111101100001010010000
00111111111100111000010100100000
00111111100001101110000101001000
00111111111001011000010100100000
00111111100011101110000101001000
00111111110110011000010100100000
00111111100101110110000101001000
00111111110011011000010100100000
00111111101000001110000101001000
00111111110000011000010100100000
00111111101010100110000101001000
00111111101101111000010100100000
00111111101101000110000101001000
00111111101011011000010100100000
00111111101111101110000101001000
00111111101000111000010100100000
00111111110010100110000101001000
00111111100110011000010100100000
00111111110101011110000101001000
00111111100100011000010100100000
00111111111000100110000101001000
00111111100010011000010100100000
00111111111011110110000101001000
00111111100000011000010100100000
00111111111111010110000101001000
00111111111101110000101001000000
00111111100001011111000010100100
00111111111010110000101001000000
00111111100011010111000010100100
00111111110111110000101001000000
00111111100101010111000010100100
00111111110100110000101001000000
00111111100111011011000010100100
00111111110001110000101001000000
00111111101001100111000010100100
00111111101110110000101001000000
00111111101011110111000010100100
00111111101100110000101001000000
00111111101110001111000010100100
00111111101010110000101001000000
00111111110000101111000010100100
00111111101000110000101001000000
00111111110011010011000010100100
00111111100110110000101001000000
00111111110110000011000010100100
00111111100100110000101001000000
00111111111000110111000010100100
00111111100010110000101001000000
00111111111011101111000010100100
00111111100000110000101001000000
00111111111110110011000010100100
00111111111111100001010010000000
00111111100000111101100001010010
00111111111011100001010010000000
00111111100010100101100001010010
00111111111001100001010010000000
00111111100100010001100001010010
00111111110111100001010010000000
00111111100110000001100001010010
00111111110011100001010010000000
00111111100111110101100001010010
00111111110001100001010010000000
00111111101001101011100001010010
00111111101111100001010010000000
00111111101011100101100001010010
00111111101101100001010010000000
00111111101101100011100001010010
00111111101011100001010010000000
00111111101111100101100001010010
00111111101001100001010010000000
00111111110001101001100001010010
00111111100111100001010010000000
00111111110011110001100001010010
00111111100111100001010010000000
00111111110101111101100001010010
00111111100101100001010010000000
00111111111000001001100001010010
00111111100011100001010010000000
00111111111010011011100001010010
00111111100001100001010010000000
00111111111100101101100001010010
00111111100001100001010010000000
00111111111111000011100001010010
00111111111111000010100100000000
00111111100000101101110000101001
00111111111111000010100100000000
00111111100001111001110000101001
00111111111011000010100100000000
00111111100011000111110000101001
00111111111011000010100100000000
00111111100100010101110000101001
00111111110111000010100100000000
00111111100101100100110000101001
00111111110111000010100100000000
00111111100110110011110000101001
00111111110011000010100100000000
00111111101000000010110000101001
00111111110011000010100100000000
00111111101001010010110000101001
00111111110011000010100100000000
00111111101010100001110000101001
00111111101111000010100100000000
00111111101011110000110000101001
00111111101111000010100100000000
00111111101100111110110000101001
00111111101111000010100100000000
00111111101110001011110000101001
00111111101011000010100100000000
00111111101111011000110000101001
00111111101011000010100100000000
00111111110000100011110000101001
00111111101011000010100100000000
00111111110001101110110000101001
00111111101011000010100100000000
00111111110010110110110000101001
00111111100111000010100100000000
00111111110011111101110000101001
00111111100111000010100100000000
00111111110101000001110000101001
00111111100111000010100100000000
00111111110110000100110000101001
00111111100111000010100100000000
00111111110111000100110000101001
00111111100111000010100100000000
00111111111000000010110000101001
00111111100111000010100100000000
00111111111000111100110000101001
00111111100011000010100100000000
00111111111001110100110000101001
00111111100011000010100100000000
00111111111010101000110000101001
00111111100011000010100100000000
00111111111011011001110000101001
00111111100011000010100100000000
00111111111100000111110000101001
00111111100011000010100100000000
00111111111100110001110000101001
00111111100011000010100100000000
00111111111101010110110000101001
00111111100011000010100100000000
00111111111101111000110000101001
00111111100011000010100100000000
00111111111110010110110000101001
00111111100011000010100100000000
00111111111110110000110000101001
00111111100011000010100100000000
00111111111111000101110000101001
00111111100011000010100100000000
00111111111111010110110000101001
00111111100011000010100100000000
00111111111111100010110000101001
00111111100011000010100100000000
00111111111111101010110000101001
00111111100011000010100100000000
00111111111111101110110000101001
00111111100011000010100100000000
00111111111111101101110000101001
00111111100011000010100100000000
00111111111111100111110000101001
00111111100011000010100100000000
00111111111111011101110000101001
00111111100011000010100100000000
00111111111111001110110000101001
00111111100011000010100100000000
00111111111110111011110000101001
00111111100011000010100100000000
00111111111110100011110000101001
00111111100011000010100100000000
00111111111110001000110000101001
00111111100011000010100100000000
00111111111101101000110000101001
00111111100011000010100100000000
00111111111101000100110000101001
00111111100011000010100100000000
00111111111100011100110000101001
00111111100011000010100100000000
00111111111011110000110000101001
00111111100011000010100100000000
00111111111011000001110000101001
00111111100011000010100100000000
00111111111010001110110000101001
00111111100011000010100100000000
00111111111001011000110000101001
00111111100011000010100100000000
00111111111000011111110000101001
00111111100111000010100100000000
00111111110111100011110000101001
00111111100111000010100100000000
00111111110110100100110000101001
00111111100111000010100100000000
00111111110101100011110000101001
00111111100111000010100100000000
00111111110100011111110000101001
00111111100111000010100100000000
00111111110011011010110000101001
00111111101011000010100100000000
00111111110010010010110000101001
00111111101011000010100100000000
00111111110001001001110000101001
00111111101011000010100100000000
00111111101111111110110000101001
00111111101011000010100100000000
00111111101110110010110000101001
00111111101111000010100100000000
00111111101101100101110000101001
00111111101111000010100100000000
00111111101100010111110000101001
00111111101111000010100100000000
00111111101011001000110000101001
00111111101111000010100100000000
00111111101001111001110000101001
00111111110011000010100100000000
00111111101000101010110000101001
00111111110011000010100100000000
00111111100111011011110000101001
00111111110111000010100100000000
00111111100110001011110000101001
00111111110111000010100100000000
00111111100100111101110000101001
00111111110111000010100100000000
00111111100011101110110000101001
00111111111011000010100100000000
00111111100010100000110000101001
00111111111011000010100100000000
00111111100001010011110000101001
00111111111111000010100100000000
00111111100000000111110000101001
00111111100001100001010010000000
00111111111101110111100001010010
00111111100001100001010010000000
00111111111011100011100001010010
00111111100011100001010010000000
00111111111001010001100001010010
00111111100011100001010010000000
00111111110111000011100001010010
00111111100101100001010010000000
00111111110100110111100001010010
00111111100111100001010010000000
00111111110010101101100001010010
00111111101001100001010010000000
00111111110000100111100001010010
00111111101011100001010010000000
00111111101110100011100001010010
00111111101101100001010010000000
00111111101100100101100001010010
00111111101111100001010010000000
00111111101010101001100001010010
00111111110001100001010010000000
00111111101000101111100001010010
00111111110011100001010010000000
00111111100110111011100001010010
00111111110101100001010010000000
00111111100101001001100001010010
00111111110111100001010010000000
00111111100011011011100001010010
00111111111001100001010010000000
00111111100001110001100001010010
00111111111101100001010010000000
00111111100000001011100001010010
00111111111111100001010010000000
00111111111101001111000010100100
00111111100001110000101001000000
00111111111010010011000010100100
00111111100011110000101001000000
00111111110111011011000010100100
00111111100101110000101001000000
00111111110100101011000010100100
00111111100111110000101001000000
00111111110010000011000010100100
00111111101001110000101001000000
00111111101111011111000010100100
00111111101011110000101001000000
00111111101101000011000010100100
00111111101101110000101001000000
00111111101010101111000010100100
00111111110000110000101001000000
00111111101000011111000010100100
00111111110010110000101001000000
00111111100110010111000010100100
00111111110101110000101001000000
00111111100100010111000010100100
00111111111000110000101001000000
00111111100010011011000010100100
00111111111011110000101001000000
00111111100000100011000010100100
00111111111111110000101001000000
00111111111101100110000101001000
00111111100001011000010100100000
00111111111010001110000101001000
00111111100011011000010100100000
00111111110111000110000101001000
00111111100101011000010100100000
00111111110011111110000101001000
00111111100111111000010100100000
00111111110001000110000101001000
00111111101001111000010100100000
00111111101110010110000101001000
00111111101100011000010100100000
00111111101011110110000101001000
00111111101110111000010100100000
00111111101001010110000101001000
00111111110001111000010100100000
00111111100110111110000101001000
00111111110100111000010100100000
00111111100100110110000101001000
00111111110111111000010100100000
00111111100010101110000101001000
00111111111011011000010100100000
00111111100000101110000101001000
00111111111110111000010100100000
00111111111101101100001010010000
00111111100001011100001010010000
00111111111010001100001010010000
00111111100011011100001010010000
00111111110110111100001010010000
00111111100101011100001010010000
00111111110011111100001010010000
00111111100111101100001010010000
00111111110000111100001010010000
00111111101010001100001010010000
00111111101101111100001010010000
00111111101100101100001010010000
00111111101011011100001010010000
00111111101111011100001010010000
00111111101000111100001010010000
00111111110010001100001010010000
00111111100110101100001010010000
00111111110101011100001010010000
00111111100100011100001010010000
00111111111000101100001010010000
00111111100010011100001010010000
00111111111011111100001010010000
00111111100000011100001010010000
00111111111111101100001010010000
00111111111100111000010100100000
00111111100001101110000101001000
00111111111001011000010100100000
00111111100011101110000101001000
00111111110110011000010100100000
00111111100101110110000101001000
00111111110011011000010100100000
00111111101000001110000101001000
00111111110000011000010100100000
00111111101010100110000101001000
00111111101101111000010100100000
00111111101101000110000101001000
00111111101011011000010100100000
00111111101111101110000101001000
00111111101000111000010100100000
00111111110010100110000101001000
00111111100110011000010100100000
00111111110101011110000101001000
00111111100100011000010100100000
00111111111000100110000101001000
00111111100010011000010100100000
00111111111011110110000101001000
00111111100000011000010100100000
00111111111111010110000101001000
00111111111101110000101001000000
00111111100001011111000010100100
00111111111010110000101001000000
00111111100011010111000010100100
00111111110111110000101001000000
00111111100101010111000010100100
00111111110100110000101001000000
00111111100111011011000010100100
00111111110001110000101001000000
00111111101001100111000010100100
00111111101110110000101001000000
00111111101011110111000010100100
00111111101100110000101001000000
00111111101110001111000010100100
00111111101010110000101001000000
00111111110000101111000010100100
00111111101000110000101001000000
00111111110011010011000010100100
00111111100110110000101001000000
00111111110110000011000010100100
00111111100100110000101001000000
00111111111000110111000010100100
00111111100010110000101001000000
00111111111011101111000010100100
00111111100000110000101001000000
00111111111110110011000010100100
00111111111111100001010010000000
00111111100000111101100001010010
00111111111011100001010010000000
00111111100010100101100001010010
00111111111001100001010010000000
00111111100100010001100001010010
00111111110111100001010010000000
00111111100110000001100001010010
00111111110011100001010010000000
00111111100111110101100001010010
00111111110001100001010010000000
00111111101001101011100001010010
00111111101111100001010010000000
00111111101011100101100001010010
00111111101101100001010010000000
00111111101101100011100001010010
00111111101011100001010010000000
00111111101111100101100001010010
00111111101001100001010010000000
00111111110001101001100001010010
00111111100111100001010010000000
00111111110011110001100001010010
00111111100111100001010010000000
00111111110101111101100001010010
00111111100101100001010010000000
00111111111000001001100001010010
00111111100011100001010010000000
00111111111010011011100001010010
00111111100001100001010010000000
00111111111100101101100001010010
00111111100001100001010010000000
00111111111111000011100001010010
00111111111111000010100100000000
00111111100000101101110000101001
00111111111111000010100100000000
00111111100001111001110000101001
00111111111011000010100100000000
00111111100011000111110000101001
00111111111011000010100100000000
00111111100100010101110000101001
00111111110111000010100100000000
00111111100101100100110000101001
00111111110111000010100100000000
00111111100110110011110000101001
00111111110011000010100100000000
00111111101000000010110000101001
00111111110011000010100100000000
00111111101001010010110000101001
00111111110011000010100100000000
00111111101010100001110000101001
00111111101111000010100100000000
00111111101011110000110000101001
00111111101111000010100100000000
00111111101100111110110000101001
00111111101111000010100100000000
00111111101110001011110000101001
00111111101011000010100100000000
00111111101111011000110000101001
00111111101011000010100100000000
00111111110000100011110000101001
00111111101011000010100100000000
00111111110001101110110000101001
00111111101011000010100100000000
00111111110010110110110000101001
00111111100111000010100100000000
00111111110011111101110000101001
00111111100111000010100100000000
00111111110101000001110000101001
00111111100111000010100100000000
00111111110110000100110000101001
00111111100111000010100100000000
00111111110111000100110000101001
00111111100111000010100100000000
00111111111000000010110000101001
00111111100111000010100100000000
00111111111000111100110000101001
00111111100011000010100100000000
00111111111001110100110000101001
00111111100011000010100100000000
00111111111010101000110000101001
00111111100011000010100100000000
00111111111011011001110000101001
00111111100011000010100100000000
00111111111100000111110000101001
00111111100011000010100100000000
00111111111100110001110000101001
00111111100011000010100100000000
00111111111101010110110000101001
00111111100011000010100100000000
00111111111101111000110000101001
00111111100011000010100100000000
00111111111110010110110000101001
00111111100011000010100100000000
00111111111110110000110000101001
00111111100011000010100100000000
00111111111111000101110000101001
00111111100011000010100100000000
00111111111111010110110000101001
00111111100011000010100100000000
00111111111111100010110000101001
00111111100011000010100100000000
00111111111111101010110000101001
00111111100011000010100100000000
00111111111111101110110000101001
00111111100011000010100100000000
00111111111111101101110000101001
00111111100011000010100100000000
00111111111111100111110000101001
00111111100011000010100100000000
00111111111111011101110000101001
00111111100011000010100100000000
00111111111111001110110000101001
00111111100011000010100100000000
00111111111110111011110000101001
00111111100011000010100100000000
00111111111110100011110000101001
00111111100011000010100100000000
00111111111110001000110000101001
00111111100011000010100100000000
00111111111101101000110000101001
00111111100011000010100100000000
00111111111101000100110000101001
00111111100011000010100100000000
00111111111100011100110000101001
00111111100011000010100100000000
00111111111011110000110000101001
00111111100011000010100100000000
00111111111011000001110000101001
00111111100011000010100100000000
00111111111010001110110000101001
00111111100011000010100100000000
00111111111001011000110000101001
00111111100011000010100100000000
00111111111000011111110000101001
00111111100111000010100100000000
00111111110111100011110000101001
00111111100111000010100100000000
00111111110110100100110000101001
00111111100111000010100100000000
00111111110101100011110000101001
00111111100111000010100100000000
00111111110100011111110000101001
00111111100111000010100100000000
00111111110011011010110000101001
00111111101011000010100100000000
00111111110010010010110000101001
00111111101011000010100100000000
00111111110001001001110000101001
00111111101011000010100100000000
00111111101111111110110000101001
00111111101011000010100100000000
00111111101110110010110000101001
00111111101111000010100100000000
00111111101101100101110000101001
00111111101111000010100100000000
00111111101100010111110000101001
00111111101111000010100100000000
00111111101011001000110000101001
00111111101111000010100100000000
00111111101001111001110000101001
00111111110011000010100100000000
00111111101000101010110000101001
00111111110011000010100100000000
00111111100111011011110000101001
00111111110111000010100100000000
00111111100110001011110000101001
00111111110111000010100100000000
00111111100100111101110000101001
00111111110111000010100100000000
00111111100011101110110000101001
00111111111011000010100100000000
00111111100010100000110000101001
00111111111011000010100100000000
00111111100001010011110000101001
00111111111111000010100100000000
00111111100000000111110000101001
00111111100001100001010010000000
00111111111101110111100001010010
00111111100001100001010010000000
00111111111011100011100001010010
00111111100011100001010010000000
00111111111001010001100001010010
00111111100011100001010010000000
00111111110111000011100001010010
00111111100101100001010010000000
00111111110100110111100001010010
00111111100111100001010010000000
00111111110010101101100001010010
00111111101001100001010010000000
00111111110000100111100001010010
00111111101011100001010010000000
00111111101110100011100001010010
00111111101101100001010010000000
00111111101100100101100001010010
00111111101111100001010010000000
00111111101010101001100001010010
00111111110001100001010010000000
00111111101000101111100001010010
00111111110011100001010010000000
00111111100110111011100001010010
00111111110101100001010010000000
00111111100101001001100001010010
00111111110111100001010010000000
00111111100011011011100001010010
00111111111001100001010010000000
00111111100001110001100001010010
00111111111101100001010010000000
00111111100000001011100001010010
00111111111111100001010010000000
00111111111101001111000010100100
00111111100001110000101001000000
00111111111010010011000010100100
00111111100011110000101001000000
00111111110111011011000010100100
00111111100101110000101001000000
00111111110100101011000010100100
00111111100111110000101001000000
00111111110010000011000010100100
00111111101001110000101001000000
00111111101111011111000010100100
00111111101011110000101001000000
00111111101101000011000010100100
00111111101101110000101001000000
00111111101010101111000010100100
00111111110000110000101001000000
00111111101000011111000010100100
00111111110010110000101001000000
00111111100110010111000010100100
00111111110101110000101001000000
00111111100100010111000010100100
00111111111000110000101001000000
00111111100010011011000010100100
00111111111011110000101001000000
00111111100000100011000010100100
00111111111111110000101001000000
00111111111101100110000101001000
00111111100001011000010100100000
00111111111010001110000101001000
00111111100011011000010100100000
00111111110111000110000101001000
00111111100101011000010100100000
00111111110011111110000101001000
00111111100111111000010100100000
00111111110001000110000101001000
00111111101001111000010100100000
00111111101110010110000101001000
00111111101100011000010100100000
00111111101011110110000101001000
00111111101110111000010100100000
00111111101001010110000101001000
00111111110001111000010100100000
00111111100110111110000101001000
00111111110100111000010100100000
00111111100100110110000101001000
00111111110111111000010100100000
00111111100010101110000101001000
00111111111011011000010100100000
00111111100000101110000101001000
00111111111110111000010100100000
00111111111101101100001010010000
00111111100001011100001010010000
00111111111010001100001010010000
00111111100011011100001010010000
00111111110110111100001010010000
00111111100101011100001010010000
00111111110011111100001010010000
00111111100111101100001010010000
00111111110000111100001010010000
00111111101010001100001010010000
00111111101101111100001010010000
00111111101100101100001010010000
00111111111111101011100001010010
00111111111111101011100001010010
00111111111111101011100001010010
00111111111111101011100001010010
00111111111111101011100001010010
00111111111111101011100001010010
00111111111111101011100001010010
00111111111111101011100001010010
00111111111111101011100001010010
00111111111111101011100001010010
00111111111111101011100001010010
00111111111111101011100001010010
00111111111111101011100001010010
00111111111111101011100001010010
00111111111111101011100001010010
00111111111111101011100001010010
00111111111111101011100001010010
00111111111111101011100001010010
00111111111111101011100001010010
00111111111111101011100001010010
00111111111111101011100001010010
00111111111111101011100001010010
00111111111111101011100001010010
