11001100000000000000000000000000
11010001100111101010111100100010
11010010000011100011011100011000
11010010011001101001101011111101
11010010000110110010011011111100
11010010010101001110000010100101
11010010000001111110100110001000
11010010001111110001111001101111
11010001111101001000100100000000
11010010001010011101110011111000
11010001111000011011000011100110
11010010000101010011000010100110
11010001110011110110000000111101
11010010000000010001011001001000
11010001101111011001001110110001
11010001111011011000100110110010
11010001101011000100011011001000
11010001110110101000011110001111
11010001100110110111011001111100
11010001110010000000101101010110
11010001100010110001111100010100
11010001101101100001000110100001
11010001011110110011110101011001
11010001101001001001011111011101
11010001011010111100110100110110
11010001100100111001100101001110
11010001010111001100101111010101
11010001100000110001001101100011
11010001010011100011010111111000
11010001011100110000001010010011
11010001010000000000100001110010
11010001011000110110001110101010
11010001001100100100000001001001
11010001010101000011001110100100
11010001001001001101101010100010
11010001010001010110111101111100
11010001000101111101010010101011
11010001001101110001010001000010
11010001000010110010101110101011
11010001001010010001111100110000
11010000111111101101110011110000
11010001000110111000110101010001
11010000111100101110010111000001
11010001000011100101110000011011
11010000111001110100001110000101
11010001000000011000100010000000
11010000110110111111010000111111
11010000111101010001000010101111
11010000110100001111010110011100
11010000111010001111000111010101
11010000110001100100010001110010
11010000110111010010100010111010
11010000101110111101111011100110
11010000110100011011001111001001
11010000101100011100001100110100
11010000110001101001000011100100
11010000101001111110111100111010
11010000101110111011110110101101
11010000100111100110000011111010
11010000101100010011100000011101
11010000100101010001011001101101
11010000101001101111110111110110
11010000100011000000110110101100
11010000100111010000110100101111
11010000100000110100010011010011
11010000100100110110001111000010
11010000011110101011101011001000
11010000100010100000000010011110
11010000011100100110110101011010
11010000100000001110000100101111
11010000011010100101100111100001
11010000011110000000001001011110
11010000011000100111111100000000
11010000011011110110001011100000
11010000010110101101101100100111
11010000011001110000000111100000
11010000010100110110110101101000
11010000010111101101110101011001
11010000010011000011001111111111
11010000010101101111001101110010
11010000010001010010110110010010
11010000010011110100001010010110
11010000001111100101100000101101
11010000010001111100100011110011
11010000001101111011001010001101
11010000010000001000010100110110
11010000001100010011101111011000
11010000001110010111011000110100
11010000001010101111001011000011
11010000001100101001100110011000
11010000001001001101010011010000
11010000001010111110111100011110
11010000000111101110000111111110
11010000001001010111010011010111
11010000000110010001100100000000
11010000000111110010100100111101
11010000000100110111100000100000
11010000000110010000101101100101
11010000000011011111111011001100
11010000000100110001100111011000
11010000000010001010101110011011
11010000000011010101001110111010
11010000000000110111111000010010
11010000000001111011011101001100
11001111111111100111010000111001
11010000000000100100001100100011
11001111111110011000110110001010
11001111111111001111011011011101
11001111111101001100100001001101
11001111111101111101000100000110
11001111111100000010010011010100
11001111111100101101000010100010
11001111111010111010000101111010
11001111111011011111010010100100
11001111111001110011110110100000
11001111111010010011101111111010
11001111111000101111100000011111
11001111111001001010010110101111
11001111110111101101000011001100
11001111111000000011000010011000
11001111110110101100010101000011
11001111110110111101110001000001
11001111110101101101011001100010
11001111110101111010011101101111
11001111110100110000001011000011
11001111110100111001001000001111
11001111110011110100101010110011
11001111110011111001100111001011
11001111110010111010101101111010
11001111110010111011111001110100
11001111110010000010010011110001
11001111110001111111111100101011
11001111110001001011011011010011
11001111110001000101101110000111
11001111110000010110000100001010
11001111110000001101001011111011
11001111101111100010001001110011
11001111101111010110001111111100
11001111101110101111101000111001
11001111101110100000111001010110
11001111101101111110011110110110
11001111101101101101000011110101
11001111101101001110101010111010
11001111101100111010101101010010
11001111101100100000000111111001
11001111101100001001110100000001
11001111101011110010110101010110
11001111101011011010010011010100
11001111101011000110110001010101
11001111101010101100001001000101
11001111101010011011110111011101
11001111101001111111010010111000
11001111101001110010000110111011
11001111101001010011101111110111
11001111101001001001100000011100
11001111101000101001011100110000
11001111101000100001111110110111
11001111101000000000010110110011
11001111100111111011100000100111
11001111100111011000011011111100
11001111100111010110000100011110
11001111100110110001101010011011
11001111100110110001101000101101
11001111100110001100000000001011
11001111100110001110001011100101
11001111100101100111011011001011
11001111100101101011101011011001
11001111100101000011111001011011
11001111100101001010000110011110
11001111100100100001011001000001
11001111100100101001011011110100
11001111100011111111111000101110
11001111100100001001101000101110
11001111100011011111010101011111
11001111100011101010101100001100
11001111100010111111101110001010
11001111100011001100100100110001
11001111100010100001000001000100
11001111100010101111010001000011
11001111100010000011001100100001
11001111100010010010101111101001
11001111100001100110001110111010
11001111100001110110111111001010
11001111100001001010000110101100
11001111100001011011111110010100
11001111100000101110110010010011
11001111100001000001101011110100
11001111100000010100010000010001
11001111100000101000000110011011
11001111011111111010011111001011
11001111100000001111001101011001
11001111011111100001011101110011
11001111011111110110111111100001
11001111011111001001001011100100
11001111011111011111011011000100
11001111011110110001100101101011
11001111011111001000011110010000
11001111011110011010101010011101
11001111011110110010001001100011
11001111011110000100011011011011
11001111011110011100011011001111
11001111011101101110110100000001
11001111011110000111010010100111
11001111011101011001110101100101
11001111011101110010101110101111
11001111011101000101011110111011
11001111011101011110101111101000
11001111011100110001101101001100
11001111011101001011010000011011
11001111011100011110011111101010
11001111011100111000010011110100
11001111011100001011110110001001
11001111011100100101110111100001
11001111011011111001101101110110
11001111011100010011111001101111
11001111011011101000000110000110
11001111011100000010011011001001
11001111011011010111000010000101
11001111011011110001011011100111
11001111011011000110011100011110
11001111011011100000111001010110
11001111011010110110010101000101
11001111011011010000110011111111
11001111011010100110101100010101
11001111011011000001001001000101
11001111011010010111100000001111
11001111011010110001111011001010
11001111011010001000110001011000
11001111011010100011000111010001
11001111011001111010011101010010
11001111011010010100101100101011
11001111011001101100100100101001
11001111011010000110101100001011
11001111011001011111000101010000
11001111011001111001000010110010
11001111011001010001111110110000
11001111011001101011101111110010
11001111011001000101001111101110
11001111011001011110110100001100
11001111011000111000111000001100
11001111011001010010001110011001
11001111011000101100110111010010
11001111011001000101111110000110
11001111011000100001001100001101
11001111011000111010000010100010
11001111011000010101110110011100
11001111011000101110011011010010
11001111011000001010110101011000
11001111011000100011000111110100
11001111011000000000001000011011
11001111011000011000000111100110
11001111010111110101101111000001
11001111011000001101011010001001
11001111010111101011101000100111
11001111011000000010111110111111
11001111010111100001110100101010
11001111010111111000110101101001
11001111010111011000010010101001
11001111010111101110111101101001
11001111010111001111000010000100
11001111010111100101010110100011
11001111010111000110000010011010
11001111010111011011111111111011
11001111010110111101010011001101
11001111010111010010111001010011
11001111010110110100110011111101
11001111010111001010000010000101
11001111010110101100100011011110
11001111010111000001011001100111
11001111010110100100100010010011
11001111010110111001000000000111
11001111010110011100101111111000
11001111010110110000110101000111
11001111010110010101001011110000
11001111010110101000111000010000
11001111010110001101110101100010
11001111010110100001001001001000
11001111010110000110101101011111
11001111010110011001100110110101
11001111010101111111110001100100
11001111010110010010010010010010
11001111010101111001000010101001
11001111010110001011001010001000
11001111010101110010100000000010
11001111010110000100001111010010
11001111010101101100001000111111
11001111010101111101011111111010
11001111010101100101111111010011
11001111010101110110111011100110
11001111010101011111111111011000
11001111010101110000100011000010
11001111010101011010001010111000
11001111010101101010010101110100
11001111010101010100100000101010
11001111010101100100010011100111
11001111010101001110111111111100
11001111010101011110011011101110
11001111010101001001101010000001
11001111010101011000101101101100
11001111010101000100011110001001
11001111010101010011001001101001
11001111010100111111011011101001
11001111010101001101101111001001
11001111010100111010100010001101
11001111010101001000011110010010
11001111010100110101110010011100
11001111010101000011010111010101
11001111010100110001001011101011
11001111010100111110011001011100
11001111010100101100101101000101
11001111010100111001100100011101
11001111010100101000010111000110
11001111010100110100110111111000
11001111010100100100001000111011
11001111010100110000010011011010
11001111010100100000000010010110
11001111010100101011110110110101
11001111010100011100000011001000
11001111010100100111100001111010
11001111010100011000001011000100
11001111010100100011010100011110
11001111010100010100011001111101
11001111010100011111001110010011
11001111010100010000101111100110
11001111010100011011001111001101
11001111010100001101001011110000
11001111010100010111010110111110
11001111010100001001101110010000
11001111010100010011100101011011
11001111010100000110010110111001
11001111010100001111111010010101
11001111010100000011000101011100
11001111010100001100010101010110
11001111010011111111111001100111
11001111010100001000110110011101
11001111010011111100110011011110
11001111010100000101011101101000
11001111010011111001110010111111
11001111010100000010001011001100
11001111010011110110110111111011
11001111010011111110111110000101
11001111010011110100000010001001
11001111010011111011110110110100
11001111010011110001010001011111
11001111010011111000110101001101
11001111010011101110100101110111
11001111010011110101111000110000
11001111010011101011111111000110
11001111010011110011000001100011
11001111010011101001011100111111
11001111010011110000001111001001
11001111010011100110111111000010
11001111010011101101100010011101
11001111010011100100100110101010
11001111010011101010111001011011
11001111010011100010010011001111
11001111010011101000010111101010
11001111010011100000000100010100
11001111010011100101111010001100
11001111010011011101111001010000
11001111010011100011100000111001
11001111010011011011110001111011
11001111010011100001001101011100
11001111010011011001101101100100
11001111010011011110111011000011
11001111010011010111101100111010
11001111010011011100101011110010
11001111010011010101110000001100
11001111010011011010100010101010
11001111010011010011110110001000
11001111010011011000011011110101
11001111010011010001111110001101
11001111010011010110011000000101
11001111010011010000001010100100
11001111010011010100011000101000
11001111010011001110011001101101
11001111010011010010011100100110
11001111010011001100101100110000
11001111010011010000100100011001
11001111010011001011000010001111
11001111010011001110101110011001
11001111010011001001011011000011
11001111010011001100111100100010
11001111010011000111110111001011
11001111010011001011001101010111
11001111010011000110010011111110
11001111010011001001100010000000
11001111010011000100110101100101
11001111010011000111111010010100
11001111010011000011011001110011
11001111010011000110010100111011
11001111010011000010000000001111
11001111010011000100110001110100
11001111010011000000101000010111
11001111010011000011010001110000
11001111010010111111010011011111
11001111010011000001110100100000
11001111010010111110000000111110
11001111010011000000011000111001
11001111010010111100110000110010
11001111010010111111000000110100
11001111010010111011100010010011
11001111010010111101101100100110
11001111010010111010010111110000
11001111010010111100011000001111
11001111010010111001001101110001
11001111010010111011000110110001
11001111010010111000000101011110
11001111010010111001111001001010
11001111010010110110111111110100
11001111010010111000101011110100
11001111010010110101111011001111
11001111010010110111100000100010
11001111010010110100111000011000
11001111010010110110010111101001
11001111010010110011110111011111
11001111010010110101010000100111
11001111010010110010111001001110
11001111010010110100001011110100
11001111010010110001111011100101
11001111010010110011001000100101
11001111010010110001000000101100
11001111010010110010001001011011
11001111010010110000000111111110
11001111010010110001001010111011
11001111010010101111001111001100
11001111010010110000001101101100
11001111010010101110011000010000
11001111010010101111010001111010
11001111010010101101100010110101
11001111010010101110010111100100
11001111010010101100101110110100
11001111010010101101011111011100
11001111010010101011111100011010
11001111010010101100101000100001
11001111010010101011001010111100
11001111010010101011110011000101
11001111010010101010011010101001
11001111010010101010111111000011
11001111010010101001101011111111
11001111010010101010001100100100
11001111010010101000111110101100
11001111010010101001011011111110
11001111010010101000010010101111
11001111010010101000101100100110
11001111010010100111100111111010
11001111010010100111111110100010
11001111010010100110111110010111
11001111010010100111010001111011
11001111010010100110010110000010
11001111010010100110100110110010
11001111010010100101101110110000
11001111010010100101111100110010
11001111010010100101001000100111
11001111010010100101010011111010
11001111010010100100100011100000
11001111010010100100101100001111
11001111010010100011111111011000
11001111010010100100000101101011
11001111010010100011011100011011
11001111010010100011100000010010
11001111010010100010111001111110
11001111010010100010111011100010
11001111010010100010011000011011
11001111010010100010011000000011
11001111010010100001111000001000
11001111010010100001110101110100
11001111010010100001011000101010
11001111010010100001010100110000
11001111010010100000111010011001
11001111010010100000110100101100
11001111010010100000011100110011
11001111010010100000010101001000
11001111010010011111111111000011
11001111010010011111110110001101
11001111010010011111100011010001
11001111010010011111011001000111
11001111010010011111001000010100
11001111010010011110111100101111
11001111010010011110101110000001
11001111010010011110100001000100
11001111010010011110010100011010
11001111010010011110000110010111
11001111010010011101111011100101
11001111010010011101101100001111
11001111010010011101100011011000
11001111010010011101010011000110
11001111010010011101001011110111
11001111010010011100111010001000
11001111010010011100110100011000
11001111010010011100100010000010
11001111010010011100011100101110
11001111010010011100001001101100
11001111010010011100000110111111
11001111010010011011110011010011
11001111010010011011110010000001
11001111010010011011011101100110
11001111010010011011011101100111
11001111010010011011001000100001
11001111010010011011001001110001
11001111010010011010110100001110
11001111010010011010110110100011
11001111010010011010100000001001
11001111010010011010100011100011
11001111010010011010001100101111
11001111010010011010010001001000
11001111010010011001111001100110
11001111010010011001111110111001
11001111010010011001100111010101
11001111010010011001101101001010
11001111010010011001010101011010
11001111010010011001011011101011
11001111010010011001000011101000
11001111010010011001001011100101
11001111010010011000110011000110
11001111010010011000111011100010
11001111010010011000100011001100
11001111010010011000101011111000
11001111010010011000010010110101
11001111010010011000011100011111
11001111010010011000000100001101
11001111010010011000001101111001
11001111010010010111110100110111
11001111010010010111111111010010
11001111010010010111100110010100
11001111010010010111110001010001
11001111010010010111011000010000
11001111010010010111100011101111
11001111010010010111001010011100
11001111010010010111010110011110
11001111010010010110111101011000
11001111010010010111001001110001
11001111010010010110110000010100
11001111010010010110111101000001
11001111010010010110100100000111
11001111010010010110110001000011
11001111010010010110011000000100
11001111010010010110100101010010
11001111010010010110001100010111
11001111010010010110011001110011
11001111010010010110000001001101
11001111010010010110001110011101
11001111010010010101110110001111
11001111010010010110000011011111
11001111010010010101101011101111
11001111010010010101111001000111
11001111010010010101100001011111
11001111010010010101101111001001
11001111010010010101010110011011
11001111010010010101100101001111
11001111010010010101001110000010
11001111010010010101011011100010
11001111010010010101000100001001
11001111010010010101010010100011
11001111010010010100111010100110
11001111010010010101001000001001
11001111010010010100110001100011
11001111010010010100111111100011
11001111010010010100101001101111
11001111010010010100110110101011
11001111010010010100100000100010
11001111010010010100101110100000
11001111010010010100011000111011
11001111010010010100100101100110
11001111010010010100001111110101
11001111010010010100011110000011
11001111010010010100000111111111
11001111010010010100010101101010
11001111010010010100000000100101
11001111010010010100001110000111
11001111010010010011111001010011
11001111010010010100000110111100
11001111010010010011110001111010
11001111010010010100000001001110
11001111010010010011101011010101
11001111010010010011111001111011
11001111010010010011100100101111
11001111010010010011110011001100
11001111010010010011011110010111
11001111010010010011101100101011
11001111010010010011011000000110
11001111010010010011100110010011
11001111010010010011010010000000
11001111010010010011100000000101
11001111010010010011001100001100
11001111010010010011011010000100
11001111010010010011000110110001
11001111010010010011010011000010
11001111010010010011000001100000
11001111010010010011001101010110
11001111010010010010111100000111
11001111010010010011000111110011
11001111010010010010110110111011
11001111010010010011000010011010
11001111010010010010110001100100
11001111010010010010111101001101
11001111010010010010101100111100
11001111010010010010110111110011
11001111010010010010101000001011
11001111010010010010110011000110
11001111010010010010100011011110
11001111010010010010101101110101
11001111010010010010011110110111
11001111010010010010101001010100
11001111010010010010011010011100
11001111010010010010100100011110
11001111010010010010010110000111
11001111010010010010011111111010
11001111010010010010010001111001
11001111010010010010011011011111
11001111010010010010001101110010
11001111010010010010010111001110
11001111010010010010001001110100
11001111010010010010010010111111
11001111010010010010000101110110
11001111010010010010001111000000
11001111010010010010000010000101
11001111010010010010001011000011
11001111010010010001111110011100
11001111010010010010000111001101
11001111010010010001111010111001
11001111010010010010000011011110
11001111010010010001110111011100
11001111010010010001111111110110
11001111010010010001110100000111
11001111010010010001111100010100
11001111010010010001110000110111
11001111010010010001111000111000
11001111010010010001101101101110
11001111010010010001110101100010
11001111010010010001101010101011
11001111010010010001110011010100
11001111010010010001100111101011
11001111010010010001101111100101
11001111010010010001100100010101
11001111010010010001101100110010
11001111010010010001100001011001
11001111010010010001100111111110
11001111010010010001011110111000
11001111010010010001100110011101
11001111010010010001011011101100
11001111010010010001100011000000
11001111010010010001011010111100
11001111010010010001100000110111
11001111010010010001010110110000
11001111010010010001011110000011
11001111010010010001010100011011
11001111010010010001011011101000
11001111010010010001010001110011
11001111010010010001011000100011
11001111010010010001001111000111
11001111010010010001010101111111
11001111010010010001001100110111
11001111010010010001010011100011
11001111010010010001001010111111
11001111010010010001010001000010
11001111010010010001001000010100
11001111010010010001001111001100
11001111010010010001000110010001
11001111010010010001001100010011
11001111010010010001000100000011
11001111010010010001001001101111
11001111010010010001000010001101
11001111010010010001000111110010
11001111010010010001000000100100
11001111010010010001000110001111
11001111010010010000111110000111
11001111010010010001000011100011
11001111010010010000111101001110
11001111010010010001000001000111
11001111010010010000111010111111
11001111010010010000111111101010
11001111010010010000111000110101
11001111010010010000111101011111
11001111010010010000110111100001
11001111010010010000111011111110
11001111010010010000110110000111
11001111010010010000111010101011
11001111010010010000110100011100
11001111010010010000111000010011
11001111010010010000110010101000
11001111010010010000110110111011
11001111010010010000110001000000
11001111010010010000110101000111
11001111010010010000101111101000
11001111010010010000110011010011
11001111010010010000101110110011
11001111010010010000110001101001
11001111010010010000101101001111
11001111010010010000110000010011
11001111010010010000101011011010
11001111010010010000101110100000
11001111010010010000101010110011
11001111010010010000101101001001
11001111010010010000101001011110
11001111010010010000101011111101
11001111010010010000101000011000
11001111010010010000101010111111
11001111010010010000100111011001
11001111010010010000101001100011
11001111010010010000100110010011
11001111010010010000101000101110
11001111010010010000100101100101
11001111010010010000100111011000
11001111010010010000100100011101
11001111010010010000100110010100
11001111010010010000100011011100
11001111010010010000100101101000
11001111010010010000100010011100
11001111010010010000100100011010
11001111010010010000100001010001
11001111010010010000100011010110
11001111010010010000100000101100
11001111010010010000100010000100
11001111010010010000011111110010
11001111010010010000100001001111
11001111010010010000011111000000
11001111010010010000100000011100
11001111010010010000011110001100
11001111010010010000011111001110
11001111010010010000011100111100
11001111010010010000011110111011
11001111010010010000011100010111
11001111010010010000011110000100
11001111010010010000011011111001
11001111010010010000011101001111
11001111010010010000011011001100
11001111010010010000011100001110
11001111010010010000011010000111
11001111010010010000011011011110
11001111010010010000011001010000
11001111010010010000011010111111
11001111010010010000011000100000
11001111010010010000011001101010
11001111010010010000011000101100
11001111010010010000011001100101
11001111010010010000011000000011
11001111010010010000011000110111
11001111010010010000010111010110
11001111010010010000011000001011
11001111010010010000010111001000
11001111010010010000010111111011
11001111010010010000010110100110
11001111010010010000010111001010
11001111010010010000010110000010
11001111010010010000010110110101
11001111010010010000010101011001
11001111010010010000010101101111
11001111010010010000010100110101
11001111010010010000010101000110
11001111010010010000010100011011
11001111010010010000010100110110
11001111010010010000010011111000
11001111010010010000010100100111
11001111010010010000010011010101
11001111010010010000010011111011
11001111010010010000010011001011
11001111010010010000010011110000
11001111010010010000010010011000
11001111010010010000010010111000
11001111010010010000010010000001
11001111010010010000010010000011
11001111010010010000010001100011
11001111010010010000010001101101
11001111010010010000010001001110
11001111010010010000010001011111
11001111010010010000010000111101
11001111010010010000010001010011
11001111010010010000010000101100
11001111010010010000010000110110
11001111010010010000010000010111
11001111010010010000010000011011
11001111010010010000010000000000
11001111010010010000010000000101
11001111010010010000001111101111
11001111010010010000001111111110
11001111010010010000001111100000
11001111010010010000001111110001
11001111010010010000001111001111
11001111010010010000001111011010
11001111010010010000001110111011
11001111010010010000001111000000
11001111010010010000001110100111
11001111010010010000001110101110
11001111010010010000001110010111
11001111010010010000001110100001
11001111010010010000001110001010
11001111010010010000001110010111
11001111010010010000001101111011
11001111010010010000001101111111
11001111010010010000001101101001
11001111010010010000001101101000
11001111010010010000001101010111
11001111010010010000001101010111
11001111010010010000001101001100
11001111010010010000001101010101
11001111010010010000001100111110
11001111010010010000001101000111
11001111010010010000001100110000
11001111010010010000001100110011
11001111010010010000001100011111
11001111010010010000001100011101
11001111010010010000001100001111
11001111010010010000001100010000
11001111010010010000001100000100
11001111010010010000001100001000
11001111010010010000001011111001
11001111010010010000001011111111
11001111010010010000001011101010
11001111010010010000001011101000
11001111010010010000001011011100
11001111010010010000001011010111
11001111010010010000001011001110
11001111010010010000001011001100
11001111010010010000001011000110
11001111010010010000001011001001
11001111010010010000001010111011
11001111010010010000001010111110
11001111010010010000001010101110
11001111010010010000001010101101
11001111010010010000001010100001
11001111010010010000001010011101
11001111010010010000001010010110
11001111010010010000001010010101
11001111010010010000001010001101
11001111010010010000001010001101
11001111010010010000001010000011
11001111010010010000001010000100
11001111010010010000001001110111
11001111010010010000001001110010
11001111010010010000001001101011
11001111010010010000001001100100
11001111010010010000001001100001
11001111010010010000001001011100
11001111010010010000001001011100
11001111010010010000001001011010
11001111010010010000001001010000
11001111010010010000001001010000
11001111010010010000001001000110
11001111010010010000001001000001
11001111010010010000001000111011
11001111010010010000001000110101
11001111010010010000001000110011
11001111010010010000001000101111
11001111010010010000001000101100
11001111010010010000001000101001
11001111010010010000001000100100
11001111010010010000001000100010
11001111010010010000001000011001
11001111010010010000001000010001
11001111010010010000001000010000
11001111010010010000001000001000
11001111010010010000001000001000
11001111010010010000001000000011
11001111010010010000001000000100
11001111010010010000001000000000
11001111010010010000000111111011
11001111010010010000000111111000
11001111010010010000000111110010
11001111010010010000000111101011
11001111010010010000000111101001
11001111010010010000000111100011
11001111010010010000000111100100
11001111010010010000000111011111
11001111010010010000000111011110
11001111010010010000000111011001
11001111010010010000000111010110
11001111010010010000000111010010
11001111010010010000000111001110
11001111010010010000000111000110
11001111010010010000000111000110
11001111010010010000000110111110
11001111010010010000000111000001
11001111010010010000000110111010
11001111010010010000000110111110
11001111010010010000000110111000
11001111010010010000000110110100
11001111010010010000000110110000
11001111010010010000000110101110
11001111010010010000000110100110
11001111010010010000000110100111
11001111010010010000000110100000
11001111010010010000000110100011
11001111010010010000000110011101
11001111010010010000000110011111
11001111010010010000000110011000
11001111010010010000000110011000
11001111010010010000000110010010
11001111010010010000000110010000
11001111010010010000000110001000
11001111010010010000000110001011
11001111010010010000000110000011
11001111010010010000000110000111
11001111010010010000000110000000
11001111010010010000000110000100
11001111010010010000000101111101
11001111010010010000000101111100
11001111010010010000000101110111
11001111010010010000000101110111
11001111010010010000000101101111
11001111010010010000000101110001
11001111010010010000000101101011
11001111010010010000000101101111
11001111010010010000000101101001
11001111010010010000000101101011
11001111010010010000000101100100
11001111010010010000000101100101
11001111010010010000000101011111
11001111010010010000000101011111
11001111010010010000000101011000
11001111010010010000000101011011
11001111010010010000000101010011
11001111010010010000000101011000
11001111010010010000000101010001
11001111010010010000000101010110
11001111010010010000000101001110
11001111010010010000000101001111
11001111010010010000000101001001
11001111010010010000000101001010
11001111010010010000000101000011
11001111010010010000000101000110
11001111010010010000000101000000
11001111010010010000000101000101
11001111010010010000000100111110
11001111010010010000000101000001
11001111010010010000000100111011
11001111010010010000000100111100
11001111010010010000000100110110
11001111010010010000000100110111
11001111010010010000000100110001
11001111010010010000000100110101
11001111010010010000000100101101
11001111010010010000000100110010
11001111010010010000000100101100
11001111010010010000000100101111
11001111010010010000000100101001
11001111010010010000000100101010
11001111010010010000000100100101
11001111010010010000000100100110
11001111010010010000000100100000
11001111010010010000000100100100
11001111010010010000000100011110
11001111010010010000000100100010
11001111010010010000000100011101
11001111010010010000000100011111
11001111010010010000000100011001
11001111010010010000000100011011
11001111010010010000000100010101
11001111010010010000000100010111
11001111010010010000000100010001
11001111010010010000000100010101
11001111010010010000000100001111
11001111010010010000000100010011
11001111010010010000000100001101
11001111010010010000000100010001
11001111010010010000000100001011
11001111010010010000000100001100
11001111010010010000000100000111
11001111010010010000000100001001
11001111010010010000000100000100
11001111010010010000000100000111
11001111010010010000000100000010
11001111010010010000000100000110
11001111010010010000000100000001
11001111010010010000000100000011
11001111010010010000000011111110
11001111010010010000000100000000
11001111010010010000000011111011
11001111010010010000000011111101
11001111010010010000000011111000
11001111010010010000000011111100
11001111010010010000000011110110
11001111010010010000000011111010
11001111010010010000000011110101
11001111010010010000000011111000
11001111010010010000000011110011
11001111010010010000000011110100
11001111010010010000000011110000
11001111010010010000000011110010
11001111010010010000000011101110
11001111010010010000000011110001
11001111010010010000000011101100
11001111010010010000000011101111
11001111010010010000000011101011
11001111010010010000000011101101
11001111010010010000000011101001
11001111010010010000000011101010
11001111010010010000000011100110
11001111010010010000000011101000
11001111010010010000000011100100
11001111010010010000000011100111
11001111010010010000000011100011
11001111010010010000000011100110
11001111010010010000000011100010
11001111010010010000000011100100
11001111010010010000000011011111
11001111010010010000000011100001
11001111010010010000000011011101
11001111010010010000000011011111
11001111010010010000000011011011
