00000010001100110011001100110011
00000010010011100000111110111110
00000010010100001000110010110001
00000010010100101110001010100100
00000010010100100111001101011011
00000010010101000011010110110000
00000010010100111011101100111010
00000010010101010110110011101110
00000010010101001111011011111000
00000010010101101001101100100001
00000010010101100010100111011100
00000010010101111100000011011111
00000010010101110101010001000110
00000010010110001101111001110011
00000010010110000111011001101001
00000010010110011111010000010101
00000010010110011001000010001011
00000010010110110000000111111100
00000010010110101010001011010101
00000010010111000000100001011110
00000010010110111010110110000111
00000010010111010000011101110111
00000010010111001011000011001110
00000010010111011111111101101011
00000010010111011010110011101101
00000010010111101111000010000011
00000010010111101010001000001011
00000010010111111101101011100111
00000010010111111001000001100000
00000010011000001011111011000101
00000010011000000111100000011001
00000010011000011001110001001101
00000010011000010101100101100100
00000010011000100111001110101101
00000010011000100011010001110000
00000010011000110100010100010001
00000010011000110000100101101000
00000010011001000001000010011111
00000010011000111101100001110110
00000010011001001101011010001100
00000010011001001010000111001011
00000010011001011001011011111011
00000010011001010110010110000001
00000010011001100101001000010111
00000010011001100010001111010010
00000010011001110000100000000001
00000010011001101101110011010101
00000010011001111011100011010100
00000010011001111001000010110010
00000010011010000110010011001100
00000010011010000011111110011101
00000010011010010000110000000011
00000010011010001110100110101101
00000010011010011010111010010110
00000010011010011000111100000010
00000010011010100100110010101000
00000010011010100010111110111010
00000010011010101110011001010010
00000010011010101100101111111011
00000010011010110111101110111100
00000010011010110110001111100001
00000010011011000000110011111110
00000010011010111111011110001100
00000010011011001001101000111001
00000010011011001000011100011011
00000010011011010010001110001001
00000010011011010001001010011011
00000010011011011010100011110111
00000010011011011001101000110011
00000010011011100010101010111001
00000010011011100001111000011011
00000010011011101010100011110100
00000010011011101001111001010101
00000010011011110010001110100110
00000010011011110001101011111001
00000010011011111001101011110101
00000010011011111001010000011111
00000010011100000000111011110011
00000010011100000000100111100110
00000010011100000111111110111010
00000010011100000111110001100011
00000010011100001110110101100011
00000010011100001110101110110101
00000010011100010101100000001011
00000010011100010101011111101110
00000010011100011011111110110111
00000010011100011100000100010110
00000010011100100010010010000100
00000010011100100010011101011101
00000010011100101000011010010011
00000010011100101000101011000001
00000010011100101110010111100010
00000010011100101110101101011110
00000010011100110100001010001110
00000010011100110100100101001000
00000010011100111001110010101011
00000010011100111010010010010111
00000010011100111111010001000111
00000010011100111111110101010110
00000010011101000100100101111011
00000010011101000101001110011011
00000010011101001001110001001001
00000010011101001010011101101100
00000010011101001110110011010100
00000010011101001111100011101111
00000010011101010011101100101110
00000010011101010100100000110000
00000010011101011000011101010100
00000010011101011001010100110111
00000010011101011101000101100011
00000010011101011110000000010000
00000010011101100001100101100100
00000010011101100010100011010111
00000010011101100101111101100111
00000010011101100110111110001111
00000010011101101010001101111011
00000010011101101011010001010001
00000010011101101110010110101111
00000010011101101111011100101000
00000010011101110010011000010001
00000010011101110011100000011001
00000010011101110110010010101011
00000010011101110111011100111001
00000010011101111010000110000101
00000010011101111011010010010110
00000010011101111101110010101000
00000010011101111111000000101110
00000010011110000001011000110101
00000010011110000010101000101001
00000010011110000100111000101001
00000010011110000110001010000000
00000010011110001000010010011000
00000010011110001001100101000101
00000010011110001011100101110100
00000010011110001100111001111001
00000010011110001110110011011110
00000010011110010000001000101100
00000010011110010001111011100110
00000010011110010011010001101010
00000010011110010100111101111100
00000010011110010110010101000011
00000010011110010111111011000000
00000010011110011001010010111101
00000010011110011010110010111000
00000010011110011100001011100001
00000010011110011101100101101110
00000010011110011110111110111000
00000010011110100000010011100101
00000010011110100001101101010011
00000010011110100010111100110000
00000010011110100100010110110110
00000010011110100101100001001111
00000010011110100110111011100010
00000010011110101000000001000111
00000010011110101001011011101100
00000010011110101010011100100101
00000010011110101011110111010010
00000010011110101100110011110101
00000010011110101110001110100011
00000010011110101111000110111010
00000010011110110000100001100100
00000010011110110001010101111010
00000010011110110010110000011101
00000010011110110011100000111110
00000010011110110100111011010101
00000010011110110101101000001100
00000010011110110111000010010010
00000010011110110111101011101011
00000010011110111001000101011101
00000010011110111001101011100010
00000010011110111011000100111000
00000010011110111011100111110100
00000010011110111101000000110001
00000010011110111101100000101110
00000010011110111110111001001011
00000010011110111111010110010010
00000010011111000000101110001100
00000010011111000001001000100110
00000010011111000010011111111010
00000010011111000010110111110000
00000010011111000100001110011011
00000010011111000100100011110110
00000010011111000101111001110101
00000010011111000110001100111101
00000010011111000111100010001110
00000010011111000111110011001011
00000010011111001001000111101010
00000010011111001001010110100011
00000010011111001010101010010000
00000010011111001010110111001101
00000010011111001100001010000001
00000010011111001100010101001000
00000010011111001101100111000101
00000010011111001101110000011101
00000010011111001111000001100010
00000010011111001111001001010011
00000010011111010000011001011111
00000010011111010000011111101101
00000010011111010001101110111010
00000010011111010001110011101000
00000010011111010011000001111010
00000010011111010011000101010010
00000010011111010100010010100011
00000010011111010100010100101011
00000010011111010101100000111100
00000010011111010101100001101100
00000010011111010110101100111101
00000010011111010110101100110100
00000010011111010111110111000001
00000010011111010111110101110011
00000010011111011000111110111011
00000010011111011000111100101101
00000010011111011010000100110100
00000010011111011010000001110001
00000010011111011011001000110110
00000010011111011011000100111100
00000010011111011100001010110101
00000010011111011100000110000111
00000010011111011101001010111101
00000010011111011101000101100010
00000010011111011110001001010000
00000010011111011110000011001101
00000010011111011111000101110100
00000010011111011110111111001001
00000010011111100000000000101011
00000010011111011111111001011011
00000010011111100000111001110011
00000010011111100000110010000010
00000010011111100001110001010011
00000010011111100001101001000111
00000010011111100010100111010000
00000010011111100010011110100110
00000010011111100011011011100011
00000010011111100011010010100111
00000010011111100100001110011111
00000010011111100100000101001110
00000010011111100101000000001000
00000010011111100100110110011111
00000010011111100101110000010001
00000010011111100101100110011000
00000010011111100110011111000101
00000010011111100110010100111101
00000010011111100111001100100101
00000010011111100111000010010001
00000010011111100111111000110101
00000010011111100111101110010110
00000010011111101000100011110101
00000010011111101000011001001110
00000010011111101001001101101001
00000010011111101001000010111011
00000010011111101001110110010011
00000010011111101001101011011111
00000010011111101010011101110100
00000010011111101010010010111100
00000010011111101011000100001110
00000010011111101010111001010100
00000010011111101011101001100100
00000010011111101011011110101001
00000010011111101100001101110111
00000010011111101100000010111100
00000010011111101100110001001001
00000010011111101100100110010000
00000010011111101101010011011101
00000010011111101101001000100110
00000010011111101101110100110011
00000010011111101101101001111111
00000010011111101110010101001111
00000010011111101110001010100000
00000010011111101110110100110001
00000010011111101110101010001000
00000010011111101111010011011011
00000010011111101111001000111000
00000010011111101111110001001110
00000010011111101111100110110010
00000010011111110000001110001100
00000010011111110000000011110111
00000010011111110000101010010101
00000010011111110000100000001001
00000010011111110001000101101011
00000010011111110000111011101000
00000010011111110001100000010001
00000010011111110001010110010111
00000010011111110001111010000111
00000010011111110001110000010110
00000010011111110010010011001110
00000010011111110010001001101000
00000010011111110010101011101000
00000010011111110010100010001100
00000010011111110011000011010101
00000010011111110010111010000101
00000010011111110011011010011000
00000010011111110011010001010100
00000010011111110011110000110100
00000010011111110011100111111011
00000010011111110100000110101011
00000010011111110011111101111011
00000010011111110100011011110110
00000010011111110100010011010001
00000010011111110100110000011011
00000010011111110100101000000010
00000010011111110101000100011011
00000010011111110100111100010000
00000010011111110101010111111001
00000010011111110101001111111010
00000010011111110101101010110011
00000010011111110101100010111111
00000010011111110101111101000111
00000010011111110101110101100000
00000010011111110110001110111011
00000010011111110110000111100000
00000010011111110110100000001111
00000010011111110110011001000000
00000010011111110110110001000011
00000010011111110110101010000010
00000010011111110111000001011010
00000010011111110110111010100101
00000010011111110111010001010100
00000010011111110111001010101100
00000010011111110111100000110010
00000010011111110111011010010111
00000010011111110111101111110101
00000010011111110111101001100111
00000010011111110111111110011101
00000010011111110111111000011011
00000010011111111000001100101011
00000010011111111000000110110110
00000010011111111000011010100001
00000010011111111000010100111000
00000010011111111000100111111110
00000010011111111000100010100010
00000010011111111000110101000100
00000010011111111000101111110100
00000010011111111001000001110011
00000010011111111000111100110000
00000010011111111001001110001100
00000010011111111001001001010101
00000010011111111001011010001111
00000010011111111001010101100011
00000010011111111001100101111110
00000010011111111001100001011100
00000010011111111001110001010101
00000010011111111001101101000000
00000010011111111001111100011010
00000010011111111001111000001111
00000010011111111010000111001011
00000010011111111010000011001010
00000010011111111010010001100111
00000010011111111010001101110010
00000010011111111010011011110001
00000010011111111010011000000110
00000010011111111010100101101001
00000010011111111010100010001001
00000010011111111010101111010000
00000010011111111010101011111001
00000010011111111010111000100010
00000010011111111010110101010100
00000010011111111011000001100001
00000010011111111010111110011101
00000010011111111011001010001111
00000010011111111011000111010101
00000010011111111011010010101111
00000010011111111011001111111110
00000010011111111011011010111011
00000010011111111011011000010100
00000010011111111011100011000100
00000010011111111011100000100110
00000010011111111011101010111011
00000010011111111011101000100110
00000010011111111011110010100100
00000010011111111011110000011010
00000010011111111011111010000100
00000010011111111011110111111111
00000010011111111100000001010111
00000010011111111011111111011011
00000010011111111100001000011010
00000010011111111100000110100100
00000010011111111100001111010000
00000010011111111100001101100101
00000010011111111100010101111111
00000010011111111100010100011000
00000010011111111100011100011110
00000010011111111100011010111111
00000010011111111100100010110011
00000010011111111100100001011101
00000010011111111100101000111100
00000010011111111100100111101001
00000010011111111100101110111000
00000010011111111100101101101100
00000010011111111100110100101010
00000010011111111100110011100100
00000010011111111100111010010010
00000010011111111100111001010011
00000010011111111100111111110000
00000010011111111100111110110111
00000010011111111101000101000111
00000010011111111101000100010100
00000010011111111101001010010101
00000010011111111101001001100111
00000010011111111101001111010101
00000010011111111101001110101110
00000010011111111101010100001110
00000010011111111101010011101011
00000010011111111101011001000001
00000010011111111101011000100010
00000010011111111101011101100110
00000010011111111101011101001111
00000010011111111101100010001000
00000010011111111101100001110011
00000010011111111101100110100001
00000010011111111101100110010010
00000010011111111101101010110101
00000010011111111101101010101010
00000010011111111101101111000001
00000010011111111101101110111001
00000010011111111101110011000101
00000010011111111101110011000001
00000010011111111101110111000001
00000010011111111101110111000001
00000010011111111101111010110100
00000010011111111101111010111000
00000010011111111101111110100000
00000010011111111101111110100111
00000010011111111110000010000110
00000010011111111110000010010001
00000010011111111110000101101000
00000010011111111110000101110101
00000010011111111110001001000100
00000010011111111110001001010100
00000010011111111110001100011010
00000010011111111110001100101100
00000010011111111110001111101010
00000010011111111110001111111111
00000010011111111110010010110011
00000010011111111110010011001011
00000010011111111110010101111000
00000010011111111110010110010011
00000010011111111110011000111001
00000010011111111110011001010110
00000010011111111110011011110011
00000010011111111110011100010010
00000010011111111110011110101001
00000010011111111110011111001001
00000010011111111110100001011000
00000010011111111110100001111010
00000010011111111110100100000011
00000010011111111110100100100110
00000010011111111110100110101000
00000010011111111110100111001101
00000010011111111110101001001001
00000010011111111110101001110000
00000010011111111110101011100101
00000010011111111110101100001110
00000010011111111110101101111101
00000010011111111110101110100111
00000010011111111110110000010001
00000010011111111110110000111100
00000010011111111110110010100000
00000010011111111110110011001100
00000010011111111110110100101011
00000010011111111110110101011010
00000010011111111110110110110101
00000010011111111110110111100011
00000010011111111110111000111001
00000010011111111110111001101000
00000010011111111110111010111010
00000010011111111110111011101010
00000010011111111110111100110110
00000010011111111110111101100110
00000010011111111110111110101110
00000010011111111110111111011111
00000010011111111111000000100011
00000010011111111111000001010101
00000010011111111111000010010110
00000010011111111111000011001000
00000010011111111111000100000111
00000010011111111111000100111000
00000010011111111111000101110010
00000010011111111111000110100100
00000010011111111111000111011001
00000010011111111111001000001011
00000010011111111111001000111110
00000010011111111111001001110001
00000010011111111111001010100000
00000010011111111111001011010011
00000010011111111111001011111111
00000010011111111111001100110011
00000010011111111111001101011100
00000010011111111111001110001111
00000010011111111111001110111000
00000010011111111111001111101101
00000010011111111111010000010010
00000010011111111111010001001000
00000010011111111111010001101010
00000010011111111111010010011101
00000010011111111111010010111100
00000010011111111111010011101111
00000010011111111111010100001101
00000010011111111111010100111111
00000010011111111111010101011010
00000010011111111111010110001101
00000010011111111111010110100111
00000010011111111111010111011001
00000010011111111111010111110001
00000010011111111111011000100011
00000010011111111111011000111000
00000010011111111111011001101010
00000010011111111111011001111110
00000010011111111111011010110000
00000010011111111111011011000101
00000010011111111111011011110110
00000010011111111111011100000111
00000010011111111111011100111000
00000010011111111111011101001000
00000010011111111111011101111000
00000010011111111111011110000110
00000010011111111111011110110110
00000010011111111111011111000010
00000010011111111111011111110010
00000010011111111111011111111110
00000010011111111111100000101110
00000010011111111111100000111000
00000010011111111111100001100111
00000010011111111111100001101111
00000010011111111111100010011110
00000010011111111111100010100110
00000010011111111111100011010100
00000010011111111111100011011011
00000010011111111111100100001000
00000010011111111111100100001110
00000010011111111111100100111011
00000010011111111111100101000000
00000010011111111111100101101100
00000010011111111111100101110000
00000010011111111111100110011100
00000010011111111111100110011111
00000010011111111111100111001010
00000010011111111111100111001101
00000010011111111111100111110111
00000010011111111111100111111001
00000010011111111111101000100011
00000010011111111111101000100101
00000010011111111111101001001101
00000010011111111111101001001110
00000010011111111111101001110110
00000010011111111111101001110110
00000010011111111111101010011101
00000010011111111111101010011101
00000010011111111111101011000101
00000010011111111111101011000010
00000010011111111111101011101010
00000010011111111111101011101001
00000010011111111111101100001111
00000010011111111111101100001101
00000010011111111111101100110100
00000010011111111111101100110001
00000010011111111111101101010101
00000010011111111111101101010011
00000010011111111111101101110111
00000010011111111111101101110110
00000010011111111111101110011000
00000010011111111111101110010101
00000010011111111111101110111000
00000010011111111111101110110101
00000010011111111111101111010110
00000010011111111111101111010010
00000010011111111111101111110100
00000010011111111111101111101111
00000010011111111111110000010000
00000010011111111111110000001100
00000010011111111111110000101100
00000010011111111111110000101000
00000010011111111111110001001001
00000010011111111111110001000100
00000010011111111111110001100110
00000010011111111111110001011111
00000010011111111111110001111111
00000010011111111111110001111001
00000010011111111111110010011000
00000010011111111111110010010001
00000010011111111111110010110000
00000010011111111111110010101010
00000010011111111111110011001000
00000010011111111111110011000001
00000010011111111111110011011111
00000010011111111111110011011000
00000010011111111111110011110101
00000010011111111111110011110000
00000010011111111111110100001011
00000010011111111111110100000110
00000010011111111111110100100000
00000010011111111111110100011011
00000010011111111111110100110101
00000010011111111111110100110000
00000010011111111111110101001001
00000010011111111111110101000011
00000010011111111111110101011100
00000010011111111111110101010111
00000010011111111111110101101111
00000010011111111111110101101010
00000010011111111111110110000010
00000010011111111111110101111101
00000010011111111111110110010011
00000010011111111111110110001110
00000010011111111111110110100101
00000010011111111111110110100000
00000010011111111111110110110101
00000010011111111111110110110001
00000010011111111111110111000110
00000010011111111111110111000010
00000010011111111111110111010110
00000010011111111111110111010010
00000010011111111111110111100110
00000010011111111111110111100010
00000010011111111111110111110101
00000010011111111111110111110001
00000010011111111111111000000100
00000010011111111111111000000000
00000010011111111111111000010010
00000010011111111111111000001110
00000010011111111111111000100000
00000010011111111111111000011100
00000010011111111111111000101110
00000010011111111111111000101010
00000010011111111111111000111011
00000010011111111111111000110111
00000010011111111111111001001000
00000010011111111111111001000100
00000010011111111111111001010100
00000010011111111111111001010000
00000010011111111111111001100000
00000010011111111111111001011101
00000010011111111111111001101101
00000010011111111111111001101000
00000010011111111111111001111000
00000010011111111111111001110100
00000010011111111111111010000100
00000010011111111111111010000000
00000010011111111111111010001101
00000010011111111111111010001010
00000010011111111111111010011000
00000010011111111111111010010101
00000010011111111111111010100011
00000010011111111111111010100000
00000010011111111111111010101101
00000010011111111111111010101001
00000010011111111111111010110111
00000010011111111111111010110100
00000010011111111111111011000010
00000010011111111111111010111101
00000010011111111111111011001011
00000010011111111111111011000111
00000010011111111111111011010100
00000010011111111111111011010000
00000010011111111111111011011101
00000010011111111111111011011010
00000010011111111111111011100110
00000010011111111111111011100011
00000010011111111111111011110000
00000010011111111111111011101011
00000010011111111111111011110111
00000010011111111111111011110100
00000010011111111111111100000000
00000010011111111111111011111101
00000010011111111111111100000111
00000010011111111111111100000101
00000010011111111111111100010000
00000010011111111111111100001101
00000010011111111111111100010111
00000010011111111111111100010100
00000010011111111111111100011101
00000010011111111111111100011011
00000010011111111111111100100100
00000010011111111111111100100001
00000010011111111111111100101011
00000010011111111111111100101001
00000010011111111111111100110010
00000010011111111111111100110000
00000010011111111111111100111001
00000010011111111111111100110111
00000010011111111111111100111111
00000010011111111111111100111100
00000010011111111111111101000101
00000010011111111111111101000011
00000010011111111111111101001011
00000010011111111111111101001001
00000010011111111111111101010000
00000010011111111111111101001110
00000010011111111111111101010101
00000010011111111111111101010011
00000010011111111111111101011010
00000010011111111111111101011000
00000010011111111111111101011111
00000010011111111111111101011101
00000010011111111111111101100011
00000010011111111111111101100010
00000010011111111111111101101000
00000010011111111111111101100111
00000010011111111111111101101101
00000010011111111111111101101100
00000010011111111111111101110000
00000010011111111111111101110000
00000010011111111111111101110101
00000010011111111111111101110100
00000010011111111111111101111001
00000010011111111111111101111000
00000010011111111111111101111100
00000010011111111111111101111100
00000010011111111111111110000001
00000010011111111111111110000000
00000010011111111111111110000100
00000010011111111111111110000011
00000010011111111111111110001000
00000010011111111111111110000111
00000010011111111111111110001011
00000010011111111111111110001011
00000010011111111111111110001110
00000010011111111111111110001110
00000010011111111111111110010001
00000010011111111111111110010001
00000010011111111111111110010100
00000010011111111111111110010011
00000010011111111111111110011000
00000010011111111111111110010111
00000010011111111111111110011011
00000010011111111111111110011010
00000010011111111111111110011110
00000010011111111111111110011101
00000010011111111111111110100000
00000010011111111111111110011111
00000010011111111111111110100010
00000010011111111111111110100010
00000010011111111111111110100110
00000010011111111111111110100101
00000010011111111111111110100111
00000010011111111111111110101000
00000010011111111111111110101010
00000010011111111111111110101010
00000010011111111111111110101100
00000010011111111111111110101100
00000010011111111111111110101111
00000010011111111111111110101111
00000010011111111111111110110001
00000010011111111111111110110001
00000010011111111111111110110011
00000010011111111111111110110011
00000010011111111111111110110110
00000010011111111111111110110110
00000010011111111111111110110111
00000010011111111111111110111000
00000010011111111111111110111001
00000010011111111111111110111001
00000010011111111111111110111011
00000010011111111111111110111011
00000010011111111111111110111101
00000010011111111111111110111101
00000010011111111111111110111110
00000010011111111111111110111111
00000010011111111111111111000001
00000010011111111111111111000001
00000010011111111111111111000010
00000010011111111111111111000010
00000010011111111111111111000011
00000010011111111111111111000011
00000010011111111111111111000101
00000010011111111111111111000101
00000010011111111111111111000110
00000010011111111111111111000110
00000010011111111111111111000111
00000010011111111111111111000111
00000010011111111111111111001000
00000010011111111111111111001000
00000010011111111111111111001010
00000010011111111111111111001010
00000010011111111111111111001011
00000010011111111111111111001011
00000010011111111111111111001100
00000010011111111111111111001100
00000010011111111111111111001101
00000010011111111111111111001101
00000010011111111111111111001110
00000010011111111111111111001110
00000010011111111111111111001111
00000010011111111111111111001111
00000010011111111111111111010000
00000010011111111111111111010000
00000010011111111111111111010001
00000010011111111111111111010010
00000010011111111111111111010010
00000010011111111111111111010010
00000010011111111111111111010011
00000010011111111111111111010011
00000010011111111111111111010100
00000010011111111111111111010100
00000010011111111111111111010101
00000010011111111111111111010101
00000010011111111111111111010110
00000010011111111111111111010110
00000010011111111111111111010111
00000010011111111111111111010111
00000010011111111111111111011000
00000010011111111111111111011000
00000010011111111111111111011000
00000010011111111111111111011001
00000010011111111111111111011001
00000010011111111111111111011010
00000010011111111111111111011010
00000010011111111111111111011011
00000010011111111111111111011011
00000010011111111111111111011011
00000010011111111111111111011100
00000010011111111111111111011100
00000010011111111111111111011100
00000010011111111111111111011101
00000010011111111111111111011101
00000010011111111111111111011101
00000010011111111111111111011110
00000010011111111111111111011110
00000010011111111111111111011111
00000010011111111111111111011111
00000010011111111111111111011111
00000010011111111111111111100000
00000010011111111111111111100000
00000010011111111111111111100000
00000010011111111111111111100001
00000010011111111111111111100001
00000010011111111111111111100001
00000010011111111111111111100010
00000010011111111111111111100010
00000010011111111111111111100010
00000010011111111111111111100011
00000010011111111111111111100011
00000010011111111111111111100011
00000010011111111111111111100011
00000010011111111111111111100100
00000010011111111111111111100100
00000010011111111111111111100100
00000010011111111111111111100101
00000010011111111111111111100101
00000010011111111111111111100101
00000010011111111111111111100110
00000010011111111111111111100110
00000010011111111111111111100110
00000010011111111111111111100110
00000010011111111111111111100111
00000010011111111111111111100111
00000010011111111111111111100111
00000010011111111111111111101000
00000010011111111111111111101000
00000010011111111111111111101000
00000010011111111111111111101000
00000010011111111111111111101000
00000010011111111111111111101001
00000010011111111111111111101001
00000010011111111111111111101001
00000010011111111111111111101001
00000010011111111111111111101010
00000010011111111111111111101010
00000010011111111111111111101010
00000010011111111111111111101010
00000010011111111111111111101011
00000010011111111111111111101011
00000010011111111111111111101011
00000010011111111111111111101011
00000010011111111111111111101011
00000010011111111111111111101100
00000010011111111111111111101100
00000010011111111111111111101100
00000010011111111111111111101100
00000010011111111111111111101101
00000010011111111111111111101101
00000010011111111111111111101101
00000010011111111111111111101101
00000010011111111111111111101101
00000010011111111111111111101110
00000010011111111111111111101110
00000010011111111111111111101110
00000010011111111111111111101110
00000010011111111111111111101110
00000010011111111111111111101110
00000010011111111111111111101111
00000010011111111111111111101111
00000010011111111111111111101111
00000010011111111111111111101111
00000010011111111111111111101111
00000010011111111111111111110000
00000010011111111111111111110000
00000010011111111111111111110000
00000010011111111111111111110000
00000010011111111111111111110000
00000010011111111111111111110000
00000010011111111111111111110000
00000010011111111111111111110001
00000010011111111111111111110001
00000010011111111111111111110001
00000010011111111111111111110001
00000010011111111111111111110001
00000010011111111111111111110010
00000010011111111111111111110010
00000010011111111111111111110010
00000010011111111111111111110010
00000010011111111111111111110010
00000010011111111111111111110010
00000010011111111111111111110010
00000010011111111111111111110010
00000010011111111111111111110011
00000010011111111111111111110011
00000010011111111111111111110011
00000010011111111111111111110011
00000010011111111111111111110011
00000010011111111111111111110011
00000010011111111111111111110011
00000010011111111111111111110100
00000010011111111111111111110100
00000010011111111111111111110100
00000010011111111111111111110100
00000010011111111111111111110100
00000010011111111111111111110100
00000010011111111111111111110100
00000010011111111111111111110100
00000010011111111111111111110101
00000010011111111111111111110101
00000010011111111111111111110101
00000010011111111111111111110101
00000010011111111111111111110101
00000010011111111111111111110101
00000010011111111111111111110101
00000010011111111111111111110101
00000010011111111111111111110101
00000010011111111111111111110110
00000010011111111111111111110110
00000010011111111111111111110110
00000010011111111111111111110110
00000010011111111111111111110110
00000010011111111111111111110110
00000010011111111111111111110110
00000010011111111111111111110110
00000010011111111111111111110110
00000010011111111111111111110110
00000010011111111111111111110111
00000010011111111111111111110111
00000010011111111111111111110111
00000010011111111111111111110111
00000010011111111111111111110111
00000010011111111111111111110111
00000010011111111111111111110111
00000010011111111111111111110111
00000010011111111111111111110111
00000010011111111111111111110111
00000010011111111111111111111000
00000010011111111111111111111000
00000010011111111111111111111000
00000010011111111111111111111000
00000010011111111111111111111000
00000010011111111111111111111000
00000010011111111111111111111000
00000010011111111111111111111000
00000010011111111111111111111000
00000010011111111111111111111000
00000010011111111111111111111000
00000010011111111111111111111000
00000010011111111111111111111000
00000010011111111111111111111001
00000010011111111111111111111001
00000010011111111111111111111001
00000010011111111111111111111001
00000010011111111111111111111001
00000010011111111111111111111001
00000010011111111111111111111001
00000010011111111111111111111001
00000010011111111111111111111001
00000010011111111111111111111001
00000010011111111111111111111001
00000010011111111111111111111001
00000010011111111111111111111001
00000010011111111111111111111010
00000010011111111111111111111001
00000010011111111111111111111010
00000010011111111111111111111010
00000010011111111111111111111010
00000010011111111111111111111010
00000010011111111111111111111010
00000010011111111111111111111010
00000010011111111111111111111010
00000010011111111111111111111010
00000010011111111111111111111010
00000010011111111111111111111010
00000010011111111111111111111010
00000010011111111111111111111010
00000010011111111111111111111010
00000010011111111111111111111010
00000010011111111111111111111010
00000010011111111111111111111010
00000010011111111111111111111011
00000010011111111111111111111011
00000010011111111111111111111011
00000010011111111111111111111011
00000010011111111111111111111011
00000010011111111111111111111011
00000010011111111111111111111011
00000010011111111111111111111011
