01000001100001011000000110000000
01000001100001010001111111011001
01000001100001100100010011001101
01000001100001000101110010001101
01000001100001101111110101000000
01000001100000111001100101000000
01000001100001111100000010001101
01000001100000101101010111110011
01000001100010001000001111011001
01000001100000100001110110000000
01000001100010010100011100100110
01000001100000010101101000110011
01000001100010100000101001110011
01000001100000001001011011100110
01000001100010101100001011100110
01000001011111111011110011100110
01000001100010111000011000110011
01000001011111100011011001001101
01000001100011000100100110000000
01000001011111001010111110110011
01000001100011010000000111110011
01000001011110110011111011001101
01000001100011011100010101000000
01000001011110011011100000110011
01000001100011100111110110110011
01000001011110000100011101001101
01000001100011110011011000100110
01000001011101101101011001100110
01000001100011111111100101110011
01000001011101010100111111001101
01000001100100001011000111100110
01000001011100111101111011100110
01000001100100010110101001011001
01000001011100100110111000000000
01000001100100100010001011001101
01000001011100001111110100011010
01000001100100101101101101000000
01000001011011111010000111100110
01000001100100111000100011011001
01000001011011100011000100000000
01000001100101000100000101001101
01000001011011001100000000011010
01000001100101001111100111000000
01000001011010110110010011100110
01000001100101011010011101011001
01000001011010100000100110110011
01000001100101100101010011110011
01000001011010001001100011001101
01000001100101110000001010001101
01000001011001110011110110011010
01000001100101111011000000100110
01000001011001011110001001100110
01000001100110000101110111000000
01000001011001001001110011100110
01000001100110010000101101011001
01000001011000110100000110110011
01000001100110011010111000011001
01000001011000011111110000110011
01000001100110100101101110110011
01000001011000001011011010110011
01000001100110101111111001110011
01000001010111110101101110000000
01000001100110111010000100110011
01000001010111100010101110110011
01000001100111000011100100011001
01000001010111001110011000110011
01000001100111001101101111011001
01000001010110111010000010110011
01000001100111010111001111000000
01000001010110100111000011100110
01000001100111100001011010000000
01000001010110010100000100011010
01000001100111101010111001100110
01000001010110000001000101001101
01000001100111110011101101110011
01000001010101101111011100110011
01000001100111111101001101011001
01000001010101011100011101100110
01000001101000000110000001100110
01000001010101001010110101001101
01000001101000001110110101110011
01000001010100111001001100110011
01000001101000010111101010000000
01000001010100100111100100011010
01000001101000100000011110001101
01000001010100010111010010110011
01000001101000101000100111000000
01000001010100000101101010011010
01000001101000110000101111110011
01000001010011110101011000110011
01000001101000111000111000100110
01000001010011100110011110000000
01000001101001000001000001011001
01000001010011010110001100011010
01000001101001001000011110110011
01000001010011000111010001100110
01000001101001001111111100001101
01000001010010111000010110110011
01000001101001010111011001100110
01000001010010101001011100000000
01000001101001011110110111000000
01000001010010011011111000000000
01000001101001100101101001000000
01000001010010001100111101001101
01000001101001101100011011000000
01000001010001111111011001001101
01000001101001110011001101000000
01000001010001110011001100000000
01000001101001111001111111000000
01000001010001100101101000000000
01000001101010000000000101100110
01000001010001011001011010110011
01000001101010000110001100001101
01000001010001001110100100011010
01000001101010001011100111011001
01000001010001000010010111001101
01000001101010010001101110000000
01000001010000110111100000110011
01000001101010010111001001001101
01000001010000101100101010011010
01000001101010011011111001000000
01000001010000100001110100000000
01000001101010100001010100001101
01000001010000011000010100011010
01000001101010100110000100000000
01000001010000001110110100110011
01000001101010101010110011110011
01000001010000000110101100000000
01000001101010101110111000001101
01000001001111111101001100011010
01000001101010110010111100100110
01000001001111110101000011100110
01000001101010110111000001000000
01000001001111101110010001100110
01000001101010111011000101011001
01000001001111100110001000110011
01000001101010111110011110011001
01000001001111011111010110110011
01000001101011000001110111011001
01000001001111011000100100110011
01000001101011000101010000011001
01000001001111010011001001100110
01000001101011000111111110000000
01000001001111001101101110011010
01000001101011001010101011100110
01000001001111001000010011001101
01000001101011001100101101110011
01000001001111000100001110110011
01000001101011001111011011011001
01000001001111000000001010011010
01000001101011010001011101100110
01000001001110111100000110000000
01000001101011010010110100011001
01000001001110111000000001100110
01000001101011010100001011001101
01000001001110110101010100000000
01000001101011010101100010000000
01000001001110110011111101001101
01000001101011010110111000110011
01000001001110110001001111100110
01000001101011010111100100001101
01000001001110101111111000110011
01000001101011011000001111100110
01000001001110101110100010000000
01000001101011011000111011000000
01000001001110101110100010000000
01000001101011011000111011000000
01000001001110101110100010000000
01000001101011011000111011000000
01000001001110101110100010000000
01000001101011011000001111100110
01000001001110101111111000110011
01000001101011011000001111100110
01000001001110110001001111100110
01000001101011010111100100001101
01000001001110110010100110011010
01000001101011010110001101011001
01000001001110110011111101001101
01000001101011010100110110100110
01000001001110110110101010110011
01000001101011010011011111110011
01000001001110111010101111001101
01000001101011010010001001000000
01000001001110111101011100110011
01000001101011010000000110110011
01000001001111000001100001001101
01000001101011001110000100100110
01000001001111000101100101100110
01000001101011001100000010011001
01000001001111001011000000110011
01000001101011001001010100110011
01000001001111010000011100000000
01000001101011000110100111001101
01000001001111010101110111001101
01000001101011000011001110001101
01000001001111011100101001001101
01000001101011000000100000100110
01000001001111100011011011001101
01000001101010111101000111100110
01000001001111101010001101001101
01000001101010111001000011001101
01000001001111110000111111001101
01000001101010110100111110110011
01000001001111111001001000000000
01000001101010110000111010011001
01000001010000000001010000110011
01000001101010101100110110000000
01000001010000001010110000011010
01000001101010101000000110001101
01000001010000010100010000000000
01000001101010100011010110011001
01000001010000011101101111100110
01000001101010011110100110100110
01000001010000100111001111001101
01000001101010011001110110110011
01000001010000110010000101100110
01000001101010010100011011100110
01000001010000111100111100000000
01000001101010001111000000011001
01000001010001000111110010011010
01000001101010001000111001110011
01000001010001010011111111100110
01000001101010000010110011001101
01000001010001100000001100110011
01000001101001111100101100100110
01000001010001101100011010000000
01000001101001110110100110000000
01000001010001111001111110000000
01000001101001101111110100000000
01000001010010000110001011001101
01000001101001101001000010000000
01000001010010010011101111001101
01000001101001100010010000000000
01000001010010100010101010000000
01000001101001011011011110000000
01000001010010110000001110000000
01000001101001010100000000100110
01000001010010111111001000110011
01000001101001001100100011001101
01000001010011001110000011100110
01000001101001000101000101110011
01000001010011011110010101001101
01000001101000111100111101000000
01000001010011101101010000000000
01000001101000110100110100001101
01000001010011111101100001100110
01000001101000101100101011011001
01000001010100001101110011001101
01000001101000100100100010100110
01000001010100011111011011100110
01000001101000011100011001110011
01000001010100101111101101001101
01000001101000010011100101100110
01000001010101000001010101100110
01000001101000001010110001011001
01000001010101010010111110000000
01000001101000000001111101001101
01000001010101100101111101001101
01000001100111111000011101100110
01000001010101110111100101100110
01000001100111101110111110000000
01000001010110001010100100110011
01000001100111100110001001110011
01000001010110011101100100000000
01000001100111011100101010001101
01000001010110110000100011001101
01000001100111010010011111001101
01000001010111000100111001001101
01000001100111001000111111100110
01000001010111010111111000011010
01000001100110111110110100100110
01000001010111101100001110011010
01000001100110110100101001100110
01000001011000000000100100011010
01000001100110101010011110100110
01000001011000010100111010011010
01000001100110100000010011100110
01000001011000101001010000011010
01000001100110010110001000100110
01000001011000111110111101001101
01000001100110001011010010001101
01000001011001010100101010000000
01000001100110000000011011110011
01000001011001101001000000000000
01000001100101110101100101011001
01000001011001111110101100110011
01000001100101101010101111000000
01000001011010010100011001100110
01000001100101011111111000100110
01000001011010101011011101001101
01000001100101010101000010001101
01000001011011000001001010000000
01000001100101001001100000011001
01000001011011011000001101100110
01000001100100111110101010000000
01000001011011101101111010011010
01000001100100110011001000001101
01000001011100000100111110000000
01000001100100100111100110011001
01000001011100011100000001100110
01000001100100011100000100100110
01000001011100110011000101001101
01000001100100010000100010110011
01000001011101001010001000110011
01000001100100000101000001000000
01000001011101100001001100011010
01000001100011111001011111001101
01000001011101111000010000000000
01000001100011101101111101011001
01000001011110010000101010011010
01000001100011100001110000001101
01000001011110100111101110000000
01000001100011010110001110011001
01000001011111000000001000011010
01000001100011001010000001001101
01000001011111010111001100000000
01000001100010111110011111011001
01000001011111101111100110011010
01000001100010110010010010001101
01000001100000000011010101000000
01000001100010100110000101000000
01000001100000001111100010001101
01000001100010011010100011001101
01000001100000011011101111011001
01000001100010001110010110000000
01000001100000100111111100100110
01000001100010000010001000110011
01000001100000110011011110011001
01000001100001110101111011100110
01000001100000111111101011100110
01000001100001101010011001110011
01000001100001001011111000110011
01000001100001011110001100100110
01000001100001011000000110000000
01000001100001010001111111011001
01000001100001100100010011001101
01000001100001000101110010001101
01000001100001101111110101000000
01000001100000111001100101000000
01000001100001111100000010001101
01000001100000101101010111110011
01000001100010001000001111011001
01000001100000100001110110000000
01000001100010010100011100100110
01000001100000010101101000110011
01000001100010100000101001110011
01000001100000001001011011100110
01000001100010101100001011100110
01000001011111111011110011100110
01000001100010111000011000110011
01000001011111100011011001001101
01000001100011000100100110000000
01000001011111001010111110110011
01000001100011010000000111110011
01000001011110110011111011001101
01000001100011011100010101000000
01000001011110011011100000110011
01000001100011100111110110110011
01000001011110000100011101001101
01000001100011110011011000100110
01000001011101101101011001100110
01000001100011111111100101110011
01000001011101010100111111001101
01000001100100001011000111100110
01000001011100111101111011100110
01000001100100010110101001011001
01000001011100100110111000000000
01000001100100100010001011001101
01000001011100001111110100011010
01000001100100101101101101000000
01000001011011111010000111100110
01000001100100111000100011011001
01000001011011100011000100000000
01000001100101000100000101001101
01000001011011001100000000011010
01000001100101001111100111000000
01000001011010110110010011100110
01000001100101011010011101011001
01000001011010100000100110110011
01000001100101100101010011110011
01000001011010001001100011001101
01000001100101110000001010001101
01000001011001110011110110011010
01000001100101111011000000100110
01000001011001011110001001100110
01000001100110000101110111000000
01000001011001001001110011100110
01000001100110010000101101011001
01000001011000110100000110110011
01000001100110011010111000011001
01000001011000011111110000110011
01000001100110100101101110110011
01000001011000001011011010110011
01000001100110101111111001110011
01000001010111110101101110000000
01000001100110111010000100110011
01000001010111100010101110110011
01000001100111000011100100011001
01000001010111001110011000110011
01000001100111001101101111011001
01000001010110111010000010110011
01000001100111010111001111000000
01000001010110100111000011100110
01000001100111100001011010000000
01000001010110010100000100011010
01000001100111101010111001100110
01000001010110000001000101001101
01000001100111110011101101110011
01000001010101101111011100110011
01000001100111111101001101011001
01000001010101011100011101100110
01000001101000000110000001100110
01000001010101001010110101001101
01000001101000001110110101110011
01000001010100111001001100110011
01000001101000010111101010000000
01000001010100100111100100011010
01000001101000100000011110001101
01000001010100010111010010110011
01000001101000101000100111000000
01000001010100000101101010011010
01000001101000110000101111110011
01000001010011110101011000110011
01000001101000111000111000100110
01000001010011100110011110000000
01000001101001000001000001011001
01000001010011010110001100011010
01000001101001001000011110110011
01000001010011000111010001100110
01000001101001001111111100001101
01000001010010111000010110110011
01000001101001010111011001100110
01000001010010101001011100000000
01000001101001011110110111000000
01000001010010011011111000000000
01000001101001100101101001000000
01000001010010001100111101001101
01000001101001101100011011000000
01000001010001111111011001001101
01000001101001110011001101000000
01000001010001110011001100000000
01000001101001111001111111000000
01000001010001100101101000000000
01000001101010000000000101100110
01000001010001011001011010110011
01000001101010000110001100001101
01000001010001001110100100011010
01000001101010001011100111011001
01000001010001000010010111001101
01000001101010010001101110000000
01000001010000110111100000110011
01000001101010010111001001001101
01000001010000101100101010011010
01000001101010011011111001000000
01000001010000100001110100000000
01000001101010100001010100001101
01000001010000011000010100011010
01000001101010100110000100000000
01000001010000001110110100110011
01000001101010101010110011110011
01000001010000000110101100000000
01000001101010101110111000001101
01000001001111111101001100011010
01000001101010110010111100100110
01000001001111110101000011100110
01000001101010110111000001000000
01000001001111101110010001100110
01000001101010111011000101011001
01000001001111100110001000110011
01000001101010111110011110011001
01000001001111011111010110110011
01000001101011000001110111011001
01000001001111011000100100110011
01000001101011000101010000011001
01000001001111010011001001100110
01000001101011000111111110000000
01000001001111001101101110011010
01000001101011001010101011100110
01000001001111001000010011001101
01000001101011001100101101110011
01000001001111000100001110110011
01000001101011001111011011011001
01000001001111000000001010011010
01000001101011010001011101100110
01000001001110111100000110000000
01000001101011010010110100011001
01000001001110111000000001100110
01000001101011010100001011001101
01000001001110110101010100000000
01000001101011010101100010000000
01000001001110110011111101001101
01000001101011010110111000110011
01000001001110110001001111100110
01000001101011010111100100001101
01000001001110101111111000110011
01000001101011011000001111100110
01000001001110101110100010000000
01000001101011011000111011000000
01000001001110101110100010000000
01000001101011011000111011000000
01000001001110101110100010000000
01000001101011011000111011000000
01000001001110101110100010000000
01000001101011011000001111100110
01000001001110101111111000110011
01000001101011011000001111100110
01000001001110110001001111100110
01000001101011010111100100001101
01000001001110110010100110011010
01000001101011010110001101011001
01000001001110110011111101001101
01000001101011010100110110100110
01000001001110110110101010110011
01000001101011010011011111110011
01000001001110111010101111001101
01000001101011010010001001000000
01000001001110111101011100110011
01000001101011010000000110110011
01000001001111000001100001001101
01000001101011001110000100100110
01000001001111000101100101100110
01000001101011001100000010011001
01000001001111001011000000110011
01000001101011001001010100110011
01000001001111010000011100000000
01000001101011000110100111001101
01000001001111010101110111001101
01000001101011000011001110001101
01000001001111011100101001001101
01000001101011000000100000100110
01000001001111100011011011001101
01000001101010111101000111100110
01000001001111101010001101001101
01000001101010111001000011001101
01000001001111110000111111001101
01000001101010110100111110110011
01000001001111111001001000000000
01000001101010110000111010011001
01000001010000000001010000110011
01000001101010101100110110000000
01000001010000001010110000011010
01000001101010101000000110001101
01000001010000010100010000000000
01000001101010100011010110011001
01000001010000011101101111100110
01000001101010011110100110100110
01000001010000100111001111001101
01000001101010011001110110110011
01000001010000110010000101100110
01000001101010010100011011100110
01000001010000111100111100000000
01000001101010001111000000011001
01000001010001000111110010011010
01000001101010001000111001110011
01000001010001010011111111100110
01000001101010000010110011001101
01000001010001100000001100110011
01000001101001111100101100100110
01000001010001101100011010000000
01000001101001110110100110000000
01000001010001111001111110000000
01000001101001101111110100000000
01000001010010000110001011001101
01000001101001101001000010000000
01000001010010010011101111001101
01000001101001100010010000000000
01000001010010100010101010000000
01000001101001011011011110000000
01000001010010110000001110000000
01000001101001010100000000100110
01000001010010111111001000110011
01000001101001001100100011001101
01000001010011001110000011100110
01000001101001000101000101110011
01000001010011011110010101001101
01000001101000111100111101000000
01000001010011101101010000000000
01000001101000110100110100001101
01000001010011111101100001100110
01000001101000101100101011011001
01000001010100001101110011001101
01000001101000100100100010100110
01000001010100011111011011100110
01000001101000011100011001110011
01000001010100101111101101001101
01000001101000010011100101100110
01000001010101000001010101100110
01000001101000001010110001011001
01000001010101010010111110000000
01000001101000000001111101001101
01000001010101100101111101001101
01000001100111111000011101100110
01000001010101110111100101100110
01000001100111101110111110000000
01000001010110001010100100110011
01000001100111100110001001110011
01000001010110011101100100000000
01000001100111011100101010001101
01000001010110110000100011001101
01000001100111010010011111001101
01000001010111000100111001001101
01000001100111001000111111100110
01000001010111010111111000011010
01000001100110111110110100100110
01000001010111101100001110011010
01000001100110110100101001100110
01000001011000000000100100011010
01000001100110101010011110100110
01000001011000010100111010011010
01000001100110100000010011100110
01000001011000101001010000011010
01000001100110010110001000100110
01000001011000111110111101001101
01000001100110001011010010001101
01000001011001010100101010000000
01000001100110000000011011110011
01000001011001101001000000000000
01000001100101110101100101011001
01000001011001111110101100110011
01000001100101101010101111000000
01000001011010010100011001100110
01000001100101011111111000100110
01000001011010101011011101001101
01000001100101010101000010001101
01000001011011000001001010000000
01000001100101001001100000011001
01000001011011011000001101100110
01000001100100111110101010000000
01000001011011101101111010011010
01000001100100110011001000001101
01000001011100000100111110000000
01000001100100100111100110011001
01000001011100011100000001100110
01000001100100011100000100100110
01000001011100110011000101001101
01000001100100010000100010110011
01000001011101001010001000110011
01000001100100000101000001000000
01000001011101100001001100011010
01000001100011111001011111001101
01000001011101111000010000000000
01000001100011101101111101011001
01000001011110010000101010011010
01000001100011100001110000001101
01000001011110100111101110000000
01000001100011010110001110011001
01000001011111000000001000011010
01000001100011001010000001001101
01000001011111010111001100000000
01000001100010111110011111011001
01000001011111101111100110011010
01000001100010110010010010001101
01000001100000000011010101000000
01000001100010100110000101000000
01000001100000001111100010001101
01000001100010011010100011001101
01000001100000011011101111011001
01000001100010001110010110000000
01000001100000100111111100100110
01000001100010000010001000110011
01000001100000110011011110011001
01000001100001110101111011100110
01000001100000111111101011100110
01000001100001101010011001110011
01000001100001001011111000110011
01000001100001011110001100100110
01000001100001011000000110000000
01000001100001010001111111011001
01000001100001100100010011001101
01000001100001000101110010001101
01000001100001101111110101000000
01000001100000111001100101000000
01000001100001111100000010001101
01000001100000101101010111110011
01000001100010001000001111011001
01000001100000100001110110000000
01000001100010010100011100100110
01000001100000010101101000110011
01000001100010100000101001110011
01000001100000001001011011100110
01000001100010101100001011100110
01000001011111111011110011100110
01000001100010111000011000110011
01000001011111100011011001001101
01000001100011000100100110000000
01000001011111001010111110110011
01000001100011010000000111110011
01000001011110110011111011001101
01000001100011011100010101000000
01000001011110011011100000110011
01000001100011100111110110110011
01000001011110000100011101001101
01000001100011110011011000100110
01000001011101101101011001100110
01000001100011111111100101110011
01000001011101010100111111001101
01000001100100001011000111100110
01000001011100111101111011100110
01000001100100010110101001011001
01000001011100100110111000000000
01000001100100100010001011001101
01000001011100001111110100011010
01000001100100101101101101000000
01000001011011111010000111100110
01000001100100111000100011011001
01000001011011100011000100000000
01000001100101000100000101001101
01000001011011001100000000011010
01000001100101001111100111000000
01000001011010110110010011100110
01000001100101011010011101011001
01000001011010100000100110110011
01000001100101100101010011110011
01000001011010001001100011001101
01000001100101110000001010001101
01000001011001110011110110011010
01000001100101111011000000100110
01000001011001011110001001100110
01000001100110000101110111000000
01000001011001001001110011100110
01000001100110010000101101011001
01000001011000110100000110110011
01000001100110011010111000011001
01000001011000011111110000110011
01000001100110100101101110110011
01000001011000001011011010110011
01000001100110101111111001110011
01000001010111110101101110000000
01000001100110111010000100110011
01000001010111100010101110110011
01000001100111000011100100011001
01000001010111001110011000110011
01000001100111001101101111011001
01000001010110111010000010110011
01000001100111010111001111000000
01000001010110100111000011100110
01000001100111100001011010000000
01000001010110010100000100011010
01000001100111101010111001100110
01000001010110000001000101001101
01000001100111110011101101110011
01000001010101101111011100110011
01000001100111111101001101011001
01000001010101011100011101100110
01000001101000000110000001100110
01000001010101001010110101001101
01000001101000001110110101110011
01000001010100111001001100110011
01000001101000010111101010000000
01000001010100100111100100011010
01000001101000100000011110001101
01000001010100010111010010110011
01000001101000101000100111000000
01000001010100000101101010011010
01000001101000110000101111110011
01000001010011110101011000110011
01000001101000111000111000100110
01000001010011100110011110000000
01000001101001000001000001011001
01000001010011010110001100011010
01000001101001001000011110110011
01000001010011000111010001100110
01000001101001001111111100001101
01000001010010111000010110110011
01000001101001010111011001100110
01000001010010101001011100000000
01000001101001011110110111000000
01000001010010011011111000000000
01000001101001100101101001000000
01000001010010001100111101001101
01000001101001101100011011000000
01000001010001111111011001001101
01000001101001110011001101000000
01000001010001110011001100000000
01000001101001111001111111000000
01000001010001100101101000000000
01000001101010000000000101100110
01000001010001011001011010110011
01000001101010000110001100001101
01000001010001001110100100011010
01000001101010001011100111011001
01000001010001000010010111001101
01000001101010010001101110000000
01000001010000110111100000110011
01000001101010010111001001001101
01000001010000101100101010011010
01000001101010011011111001000000
01000001010000100001110100000000
01000001101010100001010100001101
01000001010000011000010100011010
01000001101010100110000100000000
01000001010000001110110100110011
01000001101010101010110011110011
01000001010000000110101100000000
01000001101010101110111000001101
01000001001111111101001100011010
01000001101010110010111100100110
01000001001111110101000011100110
01000001101010110111000001000000
01000001001111101110010001100110
01000001101010111011000101011001
01000001001111100110001000110011
01000001101010111110011110011001
01000001001111011111010110110011
01000001101011000001110111011001
01000001001111011000100100110011
01000001101011000101010000011001
01000001001111010011001001100110
01000001101011000111111110000000
01000001001111001101101110011010
01000001101011001010101011100110
01000001001111001000010011001101
01000001101011001100101101110011
01000001001111000100001110110011
01000001101011001111011011011001
01000001001111000000001010011010
01000001101011010001011101100110
01000001001110111100000110000000
01000001101011010010110100011001
01000001001110111000000001100110
01000001101011010100001011001101
01000001001110110101010100000000
01000001101011010101100010000000
01000001001110110011111101001101
01000001101011010110111000110011
01000001001110110001001111100110
01000001101011010111100100001101
01000001001110101111111000110011
01000001101011011000001111100110
01000001001110101110100010000000
01000001101011011000111011000000
01000001001110101110100010000000
01000001101011011000111011000000
01000001001110101110100010000000
01000001101011011000111011000000
01000001001110101110100010000000
01000001101011011000001111100110
01000001001110101111111000110011
01000001101011011000001111100110
01000001001110110001001111100110
01000001101011010111100100001101
01000001001110110010100110011010
01000001101011010110001101011001
01000001001110110011111101001101
01000001101011010100110110100110
01000001001110110110101010110011
01000001101011010011011111110011
01000001001110111010101111001101
01000001101011010010001001000000
01000001001110111101011100110011
01000001101011010000000110110011
01000001001111000001100001001101
01000001101011001110000100100110
01000001001111000101100101100110
01000001101011001100000010011001
01000001001111001011000000110011
01000001101011001001010100110011
01000001001111010000011100000000
01000001101011000110100111001101
01000001001111010101110111001101
01000001101011000011001110001101
01000001001111011100101001001101
01000001101011000000100000100110
01000001001111100011011011001101
01000001101010111101000111100110
01000001001111101010001101001101
01000001101010111001000011001101
01000001001111110000111111001101
01000001101010110100111110110011
01000001001111111001001000000000
01000001101010110000111010011001
01000001010000000001010000110011
01000001101010101100110110000000
01000001010000001010110000011010
01000001101010101000000110001101
01000001010000010100010000000000
01000001101010100011010110011001
01000001010000011101101111100110
01000001101010011110100110100110
01000001010000100111001111001101
01000001101010011001110110110011
01000001010000110010000101100110
01000001101010010100011011100110
01000001010000111100111100000000
01000001101010001111000000011001
01000001010001000111110010011010
01000001101010001000111001110011
01000001010001010011111111100110
01000001101010000010110011001101
01000001010001100000001100110011
01000001101001111100101100100110
01000001010001101100011010000000
01000001101001110110100110000000
01000001010001111001111110000000
01000001101001101111110100000000
01000001010010000110001011001101
01000001101001101001000010000000
01000001010010010011101111001101
01000001101001100010010000000000
01000001010010100010101010000000
01000001101001011011011110000000
01000001010010110000001110000000
01000001101001010100000000100110
01000001010010111111001000110011
01000001101001001100100011001101
01000001010011001110000011100110
01000001101001000101000101110011
01000001010011011110010101001101
01000001101000111100111101000000
01000001010011101101010000000000
01000001101000110100110100001101
01000001010011111101100001100110
01000001101000101100101011011001
01000001010100001101110011001101
01000001101000100100100010100110
01000001010100011111011011100110
01000001101000011100011001110011
01000001010100101111101101001101
01000001101000010011100101100110
01000001010101000001010101100110
01000001101000001010110001011001
01000001010101010010111110000000
01000001101000000001111101001101
01000001010101100101111101001101
01000001100111111000011101100110
01000001010101110111100101100110
01000001100111101110111110000000
01000001010110001010100100110011
01000001100111100110001001110011
01000001010110011101100100000000
01000001100111011100101010001101
01000001010110110000100011001101
01000001100111010010011111001101
01000001010111000100111001001101
01000001100111001000111111100110
01000001010111010111111000011010
01000001100110111110110100100110
01000001010111101100001110011010
01000001100110110100101001100110
01000001011000000000100100011010
01000001100110101010011110100110
01000001011000010100111010011010
01000001100110100000010011100110
01000001011000101001010000011010
01000001100110010110001000100110
01000001011000111110111101001101
01000001100110001011010010001101
01000001011001010100101010000000
01000001100110000000011011110011
01000001011001101001000000000000
01000001100101110101100101011001
01000001011001111110101100110011
01000001100101101010101111000000
01000001011010010100011001100110
01000001100101011111111000100110
01000001011010101011011101001101
01000001100101010101000010001101
01000001011011000001001010000000
01000001100101001001100000011001
01000001011011011000001101100110
01000001100100111110101010000000
01000001011011101101111010011010
01000001100100110011001000001101
01000001011100000100111110000000
01000001100100100111100110011001
01000001011100011100000001100110
01000001100100011100000100100110
01000001011100110011000101001101
01000001100100010000100010110011
01000001011101001010001000110011
01000001100100000101000001000000
01000001011101100001001100011010
01000001100011111001011111001101
01000001011101111000010000000000
01000001100011101101111101011001
01000001011110010000101010011010
01000001100011100001110000001101
01000001011110100111101110000000
01000001100011010110001110011001
01000001011111000000001000011010
01000001100011001010000001001101
01000001011111010111001100000000
01000001100010111110011111011001
01000001011111101111100110011010
01000001100010110010010010001101
01000001100000000011010101000000
01000001100010100110000101000000
01000001100000001111100010001101
01000001100010011010100011001101
01000001100000011011101111011001
01000001100010001110010110000000
01000001100000100111111100100110
01000001100010000010001000110011
01000001100000110011011110011001
01000001100001110101111011100110
01000001100000111111101011100110
01000001100001101010011001110011
01000001100001001011111000110011
01000001100001011110001100100110
01000001100001011000000110000000
00000000000000000000000000000000
00000000000000000000000000000000
00000000000000000000000000000000
00000000000000000000000000000000
00000000000000000000000000000000
00000000000000000000000000000000
00000000000000000000000000000000
00000000000000000000000000000000
00000000000000000000000000000000
00000000000000000000000000000000
00000000000000000000000000000000
00000000000000000000000000000000
00000000000000000000000000000000
00000000000000000000000000000000
00000000000000000000000000000000
00000000000000000000000000000000
00000000000000000000000000000000
00000000000000000000000000000000
00000000000000000000000000000000
00000000000000000000000000000000
00000000000000000000000000000000
00000000000000000000000000000000
00000000000000000000000000000000
