110001001110
110001000101
110001100000
110000110011
110001110001
110000100001
110010000011
110000001111
110010010101
101111111110
110010100111
101111101100
110010111001
101111011010
110011001010
101111001001
110011011100
101110110111
110011101110
101110100101
110011111111
101110010100
110100010001
101110000010
110100100010
101101110001
110100110011
101101100000
110101000101
101101001110
110101010110
101100111101
110101100111
101100101100
110101111000
101100011011
110110001001
101100001011
110110011001
101011111010
110110101010
101011101001
110110111011
101011011001
110111001011
101011001001
110111011011
101010111000
110111101011
101010101000
110111111011
101010011000
111000001011
101010001001
111000011011
101001111001
111000101010
101001101010
111000111010
101001011011
111001001001
101001001011
111001011000
101000111101
111001100110
101000101110
111001110101
101000011111
111010000011
101000010001
111010010010
101000000011
111010100000
100111110101
111010101101
100111101000
111010111011
100111011010
111011001000
100111001101
111011010101
100111000000
111011100010
100110110011
111011101111
100110100111
111011111011
100110011010
111100000111
100110001110
111100010011
100110000011
111100011111
100101110111
111100101010
100101101100
111100110101
100101100001
111101000000
100101010110
111101001011
100101001100
111101010101
100101000001
111101011111
100100110111
111101101001
100100101110
111101110011
100100100100
111101111100
100100011011
111110000101
100100010011
111110001101
100100001010
111110010110
100100000010
111110011110
100011111010
111110100101
100011110010
111110101101
100011101011
111110110100
100011100100
111110111011
100011011110
111111000001
100011010111
111111000111
100011010001
111111001101
100011001100
111111010011
100011000110
111111011000
100011000001
111111011101
100010111100
111111100010
100010111000
111111100110
100010110100
111111101010
100010110000
111111101101
100010101101
111111110001
100010101010
111111110100
100010100111
111111110110
100010100100
111111111000
100010100010
111111111010
100010100001
111111111100
100010011111
111111111101
100010011110
111111111110
100010011101
111111111111
100010011101
111111111111
100010011101
111111111111
100010011101
111111111110
100010011110
111111111110
100010011111
111111111101
100010100000
111111111011
100010100001
111111111001
100010100011
111111110111
100010100110
111111110101
100010101000
111111110010
100010101011
111111101111
100010101110
111111101100
100010110010
111111101000
100010110110
111111100100
100010111010
111111011111
100010111111
111111011011
100011000100
111111010110
100011001001
111111010000
100011001110
111111001010
100011010100
111111000100
100011011010
111110111110
100011100001
111110110111
100011101000
111110110000
100011101111
111110101001
100011110110
111110100010
100011111110
111110011010
100100000110
111110010010
100100001110
111110001001
100100010111
111110000000
100100100000
111101110111
100100101001
111101101110
100100110011
111101100100
100100111100
111101011010
100101000110
111101010000
100101010001
111101000110
100101011011
111100111011
100101100110
111100110000
100101110001
111100100101
100101111101
111100011001
100110001000
111100001101
100110010100
111100000001
100110100000
111011110101
100110101101
111011101001
100110111001
111011011100
100111000110
111011001111
100111010011
111011000010
100111100001
111010110100
100111101110
111010100110
100111111100
111010011001
101000001010
111010001011
101000011000
111001111100
101000100111
111001101110
101000110101
111001011111
101001000100
111001010000
101001010011
111001000001
101001100010
111000110010
101001110001
111000100011
101010000001
111000010011
101010010001
111000000011
101010100000
110111110011
101010110000
110111100011
101011000000
110111010011
101011010001
110111000011
101011100001
110110110010
101011110010
110110100010
101100000010
110110010001
101100010011
110110000000
101100100100
110101101111
101100110101
110101011110
101101000110
110101001101
101101010111
110100111100
101101101000
110100101011
101101111010
110100011001
101110001011
110100001000
101110011101
110011110110
101110101110
110011100101
101111000000
110011010011
101111010001
110011000001
101111100011
110010110000
101111110101
110010011110
110000000111
110010001100
110000011000
110001111010
110000101010
110001101001
110000111100
110001010111
110001001110
110001000101
110001100000
110000110011
110001110001
110000100001
110010000011
110000001111
110010010101
101111111110
110010100111
101111101100
110010111001
101111011010
110011001010
101111001001
110011011100
101110110111
110011101110
101110100101
110011111111
101110010100
110100010001
101110000010
110100100010
101101110001
110100110011
101101100000
110101000101
101101001110
110101010110
101100111101
110101100111
101100101100
110101111000
101100011011
110110001001
101100001011
110110011001
101011111010
110110101010
101011101001
110110111011
101011011001
110111001011
101011001001
110111011011
101010111000
110111101011
101010101000
110111111011
101010011000
111000001011
101010001001
111000011011
101001111001
111000101010
101001101010
111000111010
101001011011
111001001001
101001001011
111001011000
101000111101
111001100110
101000101110
111001110101
101000011111
111010000011
101000010001
111010010010
101000000011
111010100000
100111110101
111010101101
100111101000
111010111011
100111011010
111011001000
100111001101
111011010101
100111000000
111011100010
100110110011
111011101111
100110100111
111011111011
100110011010
111100000111
100110001110
111100010011
100110000011
111100011111
100101110111
111100101010
100101101100
111100110101
100101100001
111101000000
100101010110
111101001011
100101001100
111101010101
100101000001
111101011111
100100110111
111101101001
100100101110
111101110011
100100100100
111101111100
100100011011
111110000101
100100010011
111110001101
100100001010
111110010110
100100000010
111110011110
100011111010
111110100101
100011110010
111110101101
100011101011
111110110100
100011100100
111110111011
100011011110
111111000001
100011010111
111111000111
100011010001
111111001101
100011001100
111111010011
100011000110
111111011000
100011000001
111111011101
100010111100
111111100010
100010111000
111111100110
100010110100
111111101010
100010110000
111111101101
100010101101
111111110001
100010101010
111111110100
100010100111
111111110110
100010100100
111111111000
100010100010
111111111010
100010100001
111111111100
100010011111
111111111101
100010011110
111111111110
100010011101
111111111111
100010011101
111111111111
100010011101
111111111111
100010011101
111111111110
100010011110
111111111110
100010011111
111111111101
100010100000
111111111011
100010100001
111111111001
100010100011
111111110111
100010100110
111111110101
100010101000
111111110010
100010101011
111111101111
100010101110
111111101100
100010110010
111111101000
100010110110
111111100100
100010111010
111111011111
100010111111
111111011011
100011000100
111111010110
100011001001
111111010000
100011001110
111111001010
100011010100
111111000100
100011011010
111110111110
100011100001
111110110111
100011101000
111110110000
100011101111
111110101001
100011110110
111110100010
100011111110
111110011010
100100000110
111110010010
100100001110
111110001001
100100010111
111110000000
100100100000
111101110111
100100101001
111101101110
100100110011
111101100100
100100111100
111101011010
100101000110
111101010000
100101010001
111101000110
100101011011
111100111011
100101100110
111100110000
100101110001
111100100101
100101111101
111100011001
100110001000
111100001101
100110010100
111100000001
100110100000
111011110101
100110101101
111011101001
100110111001
111011011100
100111000110
111011001111
100111010011
111011000010
100111100001
111010110100
100111101110
111010100110
100111111100
111010011001
101000001010
111010001011
101000011000
111001111100
101000100111
111001101110
101000110101
111001011111
101001000100
111001010000
101001010011
111001000001
101001100010
111000110010
101001110001
111000100011
101010000001
111000010011
101010010001
111000000011
101010100000
110111110011
101010110000
110111100011
101011000000
110111010011
101011010001
110111000011
101011100001
110110110010
101011110010
110110100010
101100000010
110110010001
101100010011
110110000000
101100100100
110101101111
101100110101
110101011110
101101000110
110101001101
101101010111
110100111100
101101101000
110100101011
101101111010
110100011001
101110001011
110100001000
101110011101
110011110110
101110101110
110011100101
101111000000
110011010011
101111010001
110011000001
101111100011
110010110000
101111110101
110010011110
110000000111
110010001100
110000011000
110001111010
110000101010
110001101001
110000111100
110001010111
110001001110
110001000101
110001100000
110000110011
110001110001
110000100001
110010000011
110000001111
110010010101
101111111110
110010100111
101111101100
110010111001
101111011010
110011001010
101111001001
110011011100
101110110111
110011101110
101110100101
110011111111
101110010100
110100010001
101110000010
110100100010
101101110001
110100110011
101101100000
110101000101
101101001110
110101010110
101100111101
110101100111
101100101100
110101111000
101100011011
110110001001
101100001011
110110011001
101011111010
110110101010
101011101001
110110111011
101011011001
110111001011
101011001001
110111011011
101010111000
110111101011
101010101000
110111111011
101010011000
111000001011
101010001001
111000011011
101001111001
111000101010
101001101010
111000111010
101001011011
111001001001
101001001011
111001011000
101000111101
111001100110
101000101110
111001110101
101000011111
111010000011
101000010001
111010010010
101000000011
111010100000
100111110101
111010101101
100111101000
111010111011
100111011010
111011001000
100111001101
111011010101
100111000000
111011100010
100110110011
111011101111
100110100111
111011111011
100110011010
111100000111
100110001110
111100010011
100110000011
111100011111
100101110111
111100101010
100101101100
111100110101
100101100001
111101000000
100101010110
111101001011
100101001100
111101010101
100101000001
111101011111
100100110111
111101101001
100100101110
111101110011
100100100100
111101111100
100100011011
111110000101
100100010011
111110001101
100100001010
111110010110
100100000010
111110011110
100011111010
111110100101
100011110010
111110101101
100011101011
111110110100
100011100100
111110111011
100011011110
111111000001
100011010111
111111000111
100011010001
111111001101
100011001100
111111010011
100011000110
111111011000
100011000001
111111011101
100010111100
111111100010
100010111000
111111100110
100010110100
111111101010
100010110000
111111101101
100010101101
111111110001
100010101010
111111110100
100010100111
111111110110
100010100100
111111111000
100010100010
111111111010
100010100001
111111111100
100010011111
111111111101
100010011110
111111111110
100010011101
111111111111
100010011101
111111111111
100010011101
111111111111
100010011101
111111111110
100010011110
111111111110
100010011111
111111111101
100010100000
111111111011
100010100001
111111111001
100010100011
111111110111
100010100110
111111110101
100010101000
111111110010
100010101011
111111101111
100010101110
111111101100
100010110010
111111101000
100010110110
111111100100
100010111010
111111011111
100010111111
111111011011
100011000100
111111010110
100011001001
111111010000
100011001110
111111001010
100011010100
111111000100
100011011010
111110111110
100011100001
111110110111
100011101000
111110110000
100011101111
111110101001
100011110110
111110100010
100011111110
111110011010
100100000110
111110010010
100100001110
111110001001
100100010111
111110000000
100100100000
111101110111
100100101001
111101101110
100100110011
111101100100
100100111100
111101011010
100101000110
111101010000
100101010001
111101000110
100101011011
111100111011
100101100110
111100110000
100101110001
111100100101
100101111101
111100011001
100110001000
111100001101
100110010100
111100000001
100110100000
111011110101
100110101101
111011101001
100110111001
111011011100
100111000110
111011001111
100111010011
111011000010
100111100001
111010110100
100111101110
111010100110
100111111100
111010011001
101000001010
111010001011
101000011000
111001111100
101000100111
111001101110
101000110101
111001011111
101001000100
111001010000
101001010011
111001000001
101001100010
111000110010
101001110001
111000100011
101010000001
111000010011
101010010001
111000000011
101010100000
110111110011
101010110000
110111100011
101011000000
110111010011
101011010001
110111000011
101011100001
110110110010
101011110010
110110100010
101100000010
110110010001
101100010011
110110000000
101100100100
110101101111
101100110101
110101011110
101101000110
110101001101
101101010111
110100111100
101101101000
110100101011
101101111010
110100011001
101110001011
110100001000
101110011101
110011110110
101110101110
110011100101
101111000000
110011010011
101111010001
110011000001
101111100011
110010110000
101111110101
110010011110
110000000111
110010001100
110000011000
110001111010
110000101010
110001101001
110000111100
110001010111
110001001110
