16.69
16.6427636004
16.7844685951
16.5483076176
16.8789035586
16.4539020783
16.9732712713
16.3595805914
17.0675381374
16.2653767362
17.1616705973
16.1713240497
17.2556351392
16.0774560154
17.3493983112
15.9838060511
17.4429267328
15.8904074966
17.5361871074
15.7972936025
17.6291462335
15.7044975181
17.721771017
15.6120522793
17.814028483
15.5199907973
17.9058857872
15.4283458466
17.9973102276
15.3371500535
18.0882692566
15.2464358843
18.1787304922
15.1562356338
18.2686617294
15.066581414
18.3580309523
14.9775051424
18.4468063446
14.8890385307
18.5349563018
14.8012130736
18.6224494419
14.7140600377
18.7092546167
14.62761045
18.7953409229
14.5418950872
18.8806777134
14.4569444645
18.9652346074
14.3727888249
19.0489815024
14.2894581284
19.1318885837
14.2069820413
19.2139263358
14.1253899257
19.2950655529
14.0447108289
19.3752773487
13.9649734733
19.4545331673
13.8862062458
19.5328047931
13.8084371882
19.6100643608
13.7316939867
19.6862843656
13.6560039625
19.7614376725
13.5813940618
19.8354975265
13.5078908462
19.9084375617
13.4355204833
19.980231811
13.3643087374
20.0508547152
13.2942809606
20.1202811321
13.225462083
20.1884863452
13.1578766048
20.2554460732
13.0915485868
20.3211364778
13.0265016422
20.3855341729
12.9627589282
20.4486162324
12.9003431377
20.5103601987
12.8392764911
20.5707440905
12.7795807285
20.6297464107
12.7212771021
20.6873461541
12.6643863683
20.7435228148
12.6089287806
20.7982563936
12.5549240823
20.8515274048
12.5023914995
20.9033168836
12.4513497341
20.9536063926
12.4018169574
21.0023780285
12.3538108033
21.0496144281
12.3073483623
21.0952987751
12.2624461755
21.1394148053
12.2191202282
21.1819468133
12.177385945
21.2228796574
12.1372581833
21.2621987652
12.098751229
21.2998901387
12.0618787909
21.3359403597
12.0266539957
21.3703365939
11.9930893837
21.4030665962
11.9611969043
21.4341187143
11.9309879112
21.4634818936
11.9024731592
21.4911456805
11.8756627996
21.5171002265
11.8505663772
21.5413362917
11.8271928264
21.5638452477
11.8055504684
21.5846190814
11.785647008
21.603650397
11.767489531
21.6209324193
11.7510845016
21.6364589958
11.73643776
21.6502245988
11.7235545207
21.6622243278
11.71243937
21.6724539108
11.7030962652
21.6809097059
11.6955285325
21.6875887028
11.6897388658
21.6924885238
11.6857293266
21.6956074245
11.6835013421
21.6969442945
11.6830557055
21.6964986579
11.6843925755
21.6942706734
11.6875114762
21.6902611342
11.6924112972
21.6844714675
11.6990902941
21.6769037348
11.7075460892
21.66756063
11.7177756722
21.6564454793
11.7297754012
21.64356224
11.7435410042
21.6289154984
11.7590675807
21.612510469
11.776349603
21.594352992
11.7953809186
21.5744495316
11.8161547523
21.5528071736
11.8386637083
21.5294336228
11.8628997735
21.5043372004
11.8888543195
21.4775268408
11.9165181064
21.4490120888
11.9458812857
21.4188030957
11.9769334038
21.3869106163
12.0096634061
21.3533460043
12.0440596403
21.3181212091
12.0801098613
21.281248771
12.1178012348
21.2427418167
12.1571203426
21.202614055
12.1980531867
21.1608797718
12.2405851947
21.1175538245
12.2847012249
21.0726516377
12.3303855719
21.0261891967
12.3776219715
20.9781830426
12.4263936074
20.9286502659
12.4766831164
20.8776085005
12.5284725952
20.8250759177
12.5817436064
20.7710712194
12.6364771852
20.7156136317
12.6926538459
20.6587228979
12.7502535893
20.6004192715
12.8092559095
20.5407235089
12.8696398013
20.4796568623
12.9313837676
20.4172410718
12.9944658271
20.3534983578
13.0588635222
20.2884514132
13.1245539268
20.2221233952
13.1915136548
20.154537917
13.2597188679
20.0857190394
13.3291452848
20.0156912626
13.399768189
19.9444795167
13.4715624383
19.8721091538
13.5445024735
19.7986059382
13.6185623275
19.7239960375
13.6937156344
19.6483060133
13.7699356392
19.5715628118
13.8471952069
19.4937937542
13.9254668327
19.4150265267
14.0047226513
19.3352891711
14.0849344471
19.2546100743
14.1660736642
19.1730179587
14.2481114163
19.0905418716
14.3310184976
19.0072111751
14.4147653926
18.9230555355
14.4993222866
18.8381049128
14.5846590771
18.75238955
14.6707453833
18.6659399623
14.7575505581
18.5787869264
14.8450436982
18.4909614693
14.9331936554
18.4024948576
15.0219690477
18.313418586
15.1113382706
18.2237643662
15.2012695078
18.1335641157
15.2917307434
18.0428499465
15.3826897724
17.9516541534
15.4741142128
17.8600092027
15.565971517
17.7679477207
15.658228983
17.6755024819
15.7508537665
17.5827063975
15.8438128926
17.4895925034
15.9370732672
17.3961939489
16.0306016888
17.3025439846
16.1243648608
17.2086759503
16.2183294027
17.1146232638
16.3124618626
17.0204194086
16.4067287287
16.9260979217
16.5010964414
16.8316923824
16.5955314049
16.7372363996
16.69
16.6427636004
16.7844685951
16.5483076176
16.8789035586
16.4539020783
16.9732712713
16.3595805914
17.0675381374
16.2653767362
17.1616705973
16.1713240497
17.2556351392
16.0774560154
17.3493983112
15.9838060511
17.4429267328
15.8904074966
17.5361871074
15.7972936025
17.6291462335
15.7044975181
17.721771017
15.6120522793
17.814028483
15.5199907973
17.9058857872
15.4283458466
17.9973102276
15.3371500535
18.0882692566
15.2464358843
18.1787304922
15.1562356338
18.2686617294
15.066581414
18.3580309523
14.9775051424
18.4468063446
14.8890385307
18.5349563018
14.8012130736
18.6224494419
14.7140600377
18.7092546167
14.62761045
18.7953409229
14.5418950872
18.8806777134
14.4569444645
18.9652346074
14.3727888249
19.0489815024
14.2894581284
19.1318885837
14.2069820413
19.2139263358
14.1253899257
19.2950655529
14.0447108289
19.3752773487
13.9649734733
19.4545331673
13.8862062458
19.5328047931
13.8084371882
19.6100643608
13.7316939867
19.6862843656
13.6560039625
19.7614376725
13.5813940618
19.8354975265
13.5078908462
19.9084375617
13.4355204833
19.980231811
13.3643087374
20.0508547152
13.2942809606
20.1202811321
13.225462083
20.1884863452
13.1578766048
20.2554460732
13.0915485868
20.3211364778
13.0265016422
20.3855341729
12.9627589282
20.4486162324
12.9003431377
20.5103601987
12.8392764911
20.5707440905
12.7795807285
20.6297464107
12.7212771021
20.6873461541
12.6643863683
20.7435228148
12.6089287806
20.7982563936
12.5549240823
20.8515274048
12.5023914995
20.9033168836
12.4513497341
20.9536063926
12.4018169574
21.0023780285
12.3538108033
21.0496144281
12.3073483623
21.0952987751
12.2624461755
21.1394148053
12.2191202282
21.1819468133
12.177385945
21.2228796574
12.1372581833
21.2621987652
12.098751229
21.2998901387
12.0618787909
21.3359403597
12.0266539957
21.3703365939
11.9930893837
21.4030665962
11.9611969043
21.4341187143
11.9309879112
21.4634818936
11.9024731592
21.4911456805
11.8756627996
21.5171002265
11.8505663772
21.5413362917
11.8271928264
21.5638452477
11.8055504684
21.5846190814
11.785647008
21.603650397
11.767489531
21.6209324193
11.7510845016
21.6364589958
11.73643776
21.6502245988
11.7235545207
21.6622243278
11.71243937
21.6724539108
11.7030962652
21.6809097059
11.6955285325
21.6875887028
11.6897388658
21.6924885238
11.6857293266
21.6956074245
11.6835013421
21.6969442945
11.6830557055
21.6964986579
11.6843925755
21.6942706734
11.6875114762
21.6902611342
11.6924112972
21.6844714675
11.6990902941
21.6769037348
11.7075460892
21.66756063
11.7177756722
21.6564454793
11.7297754012
21.64356224
11.7435410042
21.6289154984
11.7590675807
21.612510469
11.776349603
21.594352992
11.7953809186
21.5744495316
11.8161547523
21.5528071736
11.8386637083
21.5294336228
11.8628997735
21.5043372004
11.8888543195
21.4775268408
11.9165181064
21.4490120888
11.9458812857
21.4188030957
11.9769334038
21.3869106163
12.0096634061
21.3533460043
12.0440596403
21.3181212091
12.0801098613
21.281248771
12.1178012348
21.2427418167
12.1571203426
21.202614055
12.1980531867
21.1608797718
12.2405851947
21.1175538245
12.2847012249
21.0726516377
12.3303855719
21.0261891967
12.3776219715
20.9781830426
12.4263936074
20.9286502659
12.4766831164
20.8776085005
12.5284725952
20.8250759177
12.5817436064
20.7710712194
12.6364771852
20.7156136317
12.6926538459
20.6587228979
12.7502535893
20.6004192715
12.8092559095
20.5407235089
12.8696398013
20.4796568623
12.9313837676
20.4172410718
12.9944658271
20.3534983578
13.0588635222
20.2884514132
13.1245539268
20.2221233952
13.1915136548
20.154537917
13.2597188679
20.0857190394
13.3291452848
20.0156912626
13.399768189
19.9444795167
13.4715624383
19.8721091538
13.5445024735
19.7986059382
13.6185623275
19.7239960375
13.6937156344
19.6483060133
13.7699356392
19.5715628118
13.8471952069
19.4937937542
13.9254668327
19.4150265267
14.0047226513
19.3352891711
14.0849344471
19.2546100743
14.1660736642
19.1730179587
14.2481114163
19.0905418716
14.3310184976
19.0072111751
14.4147653926
18.9230555355
14.4993222866
18.8381049128
14.5846590771
18.75238955
14.6707453833
18.6659399623
14.7575505581
18.5787869264
14.8450436982
18.4909614693
14.9331936554
18.4024948576
15.0219690477
18.313418586
15.1113382706
18.2237643662
15.2012695078
18.1335641157
15.2917307434
18.0428499465
15.3826897724
17.9516541534
15.4741142128
17.8600092027
15.565971517
17.7679477207
15.658228983
17.6755024819
15.7508537665
17.5827063975
15.8438128926
17.4895925034
15.9370732672
17.3961939489
16.0306016888
17.3025439846
16.1243648608
17.2086759503
16.2183294027
17.1146232638
16.3124618626
17.0204194086
16.4067287287
16.9260979217
16.5010964414
16.8316923824
16.5955314049
16.7372363996
16.69
16.6427636004
16.7844685951
16.5483076176
16.8789035586
16.4539020783
16.9732712713
16.3595805914
17.0675381374
16.2653767362
17.1616705973
16.1713240497
17.2556351392
16.0774560154
17.3493983112
15.9838060511
17.4429267328
15.8904074966
17.5361871074
15.7972936025
17.6291462335
15.7044975181
17.721771017
15.6120522793
17.814028483
15.5199907973
17.9058857872
15.4283458466
17.9973102276
15.3371500535
18.0882692566
15.2464358843
18.1787304922
15.1562356338
18.2686617294
15.066581414
18.3580309523
14.9775051424
18.4468063446
14.8890385307
18.5349563018
14.8012130736
18.6224494419
14.7140600377
18.7092546167
14.62761045
18.7953409229
14.5418950872
18.8806777134
14.4569444645
18.9652346074
14.3727888249
19.0489815024
14.2894581284
19.1318885837
14.2069820413
19.2139263358
14.1253899257
19.2950655529
14.0447108289
19.3752773487
13.9649734733
19.4545331673
13.8862062458
19.5328047931
13.8084371882
19.6100643608
13.7316939867
19.6862843656
13.6560039625
19.7614376725
13.5813940618
19.8354975265
13.5078908462
19.9084375617
13.4355204833
19.980231811
13.3643087374
20.0508547152
13.2942809606
20.1202811321
13.225462083
20.1884863452
13.1578766048
20.2554460732
13.0915485868
20.3211364778
13.0265016422
20.3855341729
12.9627589282
20.4486162324
12.9003431377
20.5103601987
12.8392764911
20.5707440905
12.7795807285
20.6297464107
12.7212771021
20.6873461541
12.6643863683
20.7435228148
12.6089287806
20.7982563936
12.5549240823
20.8515274048
12.5023914995
20.9033168836
12.4513497341
20.9536063926
12.4018169574
21.0023780285
12.3538108033
21.0496144281
12.3073483623
21.0952987751
12.2624461755
21.1394148053
12.2191202282
21.1819468133
12.177385945
21.2228796574
12.1372581833
21.2621987652
12.098751229
21.2998901387
12.0618787909
21.3359403597
12.0266539957
21.3703365939
11.9930893837
21.4030665962
11.9611969043
21.4341187143
11.9309879112
21.4634818936
11.9024731592
21.4911456805
11.8756627996
21.5171002265
11.8505663772
21.5413362917
11.8271928264
21.5638452477
11.8055504684
21.5846190814
11.785647008
21.603650397
11.767489531
21.6209324193
11.7510845016
21.6364589958
11.73643776
21.6502245988
11.7235545207
21.6622243278
11.71243937
21.6724539108
11.7030962652
21.6809097059
11.6955285325
21.6875887028
11.6897388658
21.6924885238
11.6857293266
21.6956074245
11.6835013421
21.6969442945
11.6830557055
21.6964986579
11.6843925755
21.6942706734
11.6875114762
21.6902611342
11.6924112972
21.6844714675
11.6990902941
21.6769037348
11.7075460892
21.66756063
11.7177756722
21.6564454793
11.7297754012
21.64356224
11.7435410042
21.6289154984
11.7590675807
21.612510469
11.776349603
21.594352992
11.7953809186
21.5744495316
11.8161547523
21.5528071736
11.8386637083
21.5294336228
11.8628997735
21.5043372004
11.8888543195
21.4775268408
11.9165181064
21.4490120888
11.9458812857
21.4188030957
11.9769334038
21.3869106163
12.0096634061
21.3533460043
12.0440596403
21.3181212091
12.0801098613
21.281248771
12.1178012348
21.2427418167
12.1571203426
21.202614055
12.1980531867
21.1608797718
12.2405851947
21.1175538245
12.2847012249
21.0726516377
12.3303855719
21.0261891967
12.3776219715
20.9781830426
12.4263936074
20.9286502659
12.4766831164
20.8776085005
12.5284725952
20.8250759177
12.5817436064
20.7710712194
12.6364771852
20.7156136317
12.6926538459
20.6587228979
12.7502535893
20.6004192715
12.8092559095
20.5407235089
12.8696398013
20.4796568623
12.9313837676
20.4172410718
12.9944658271
20.3534983578
13.0588635222
20.2884514132
13.1245539268
20.2221233952
13.1915136548
20.154537917
13.259718868
20.0857190394
13.3291452848
20.0156912626
13.399768189
19.9444795167
13.4715624383
19.8721091538
13.5445024735
19.7986059382
13.6185623275
19.7239960374
13.6937156344
19.6483060133
13.7699356392
19.5715628118
13.8471952069
19.4937937542
13.9254668327
19.4150265267
14.0047226513
19.3352891711
14.0849344471
19.2546100743
14.1660736642
19.1730179587
14.2481114163
19.0905418716
14.3310184976
19.0072111751
14.4147653925
18.9230555355
14.4993222866
18.8381049128
14.5846590771
18.75238955
14.6707453833
18.6659399623
14.7575505581
18.5787869264
14.8450436982
18.4909614693
14.9331936554
18.4024948576
15.0219690477
18.313418586
15.1113382706
18.2237643662
15.2012695078
18.1335641157
15.2917307434
18.0428499465
15.3826897724
17.9516541534
15.4741142128
17.8600092027
15.565971517
17.7679477207
15.658228983
17.6755024819
15.7508537666
17.5827063975
15.8438128927
17.4895925034
15.9370732672
17.3961939489
16.0306016888
17.3025439846
16.1243648608
17.2086759503
16.2183294027
17.1146232639
16.3124618626
17.0204194086
16.4067287287
16.9260979218
16.5010964414
16.8316923824
16.5955314049
16.7372363996
16.69
