11111111001000000101001101000101
11111111000111001000101111011110
11111111001001111110000111111100
11111111000101001111110101101001
11111111001011110111000000000100
11111111000011010110111111111100
11111111001101101111110010101010
11111111000001011110010001001000
11111111001111101000011101000000
11111110111111100101101011111100
11111111010001100000111100010101
11111110111101101101010011001001
11111111010011011001001101111010
11111110111011110101001001011110
11111111010101010001001110111111
11111110111001111101010001101011
11111111010111001000111100110101
11111110111000000101101110011101
11111111011001000000010100101110
11111110110110001110100010100100
11111111011010110111010011111100
11111110110100010111110000101110
11111111011100101101110111110000
11111110110010100001011011100110
11111111011110100011111101011111
11111110110000101011100101111011
11111111100000011001100010011100
11111110101110110110010010011000
11111111100010001110100011111011
11111110101101000001100011100111
11111111100100000010111111010011
11111110101011001101011100010011
11111111100101110110110001111000
11111110101001011001111111000110
11111111100111101001111001000011
11111110100111100111001110101000
11111111101001011100010010001011
11111110100101110101001101100000
11111111101011001101111010101010
11111110100100000011111110010100
11111111101100111110101111111001
11111110100010010011100011101010
11111111101110101110101111010101
11111110100000100100000000000101
11111111110000011101110110011010
11111110011110110101010110001000
11111111110010001100000010100111
11111110011101000111101000010101
11111111110011111001010001011001
11111110011011011010111001001011
11111111110101100101100000010011
11111110011001101111001011001001
11111111110111010000101100110110
11111110011000000100100000101100
11111111111000111010110100100110
11111110010110011010111100010000
11111111111010100011110101001000
11111110010100110010100000001110
11111111111100001011101100000011
11111110010011001011001110111111
11111111111101110010010111000000
11111110010001100101001010111010
11111111111111010111110011101000
11111110010000000000010110010011
00000000000000111011111111101001
11111110001110011100110011011101
00000000000010011110111000110000
11111110001100111010100100101001
00000000000100000000011100101100
11111110001011011001101100001000
00000000000101100000101001010000
11111110001001111010001100000101
00000000000110111111011100001111
11111110001000011100000110101100
00000000001000011100110011011111
11111110000110111111011110000111
00000000001001111000101100110111
11111110000101100100010100011101
00000000001011010011000110010011
11111110000100001010101011110001
00000000001100101011111101101101
11111110000010110010100110001000
00000000001110000011010001000101
11111110000001011100000101100010
00000000001111011000111110011011
11111110000000000111001011111100
00000000010000101101000011110010
11111101111110110011111011010011
00000000010001111111011111001111
11111101111101100010010101011111
00000000010011010000001110111011
11111101111100010010011100011001
00000000010100011111010000111111
11111101111011000100010001110100
00000000010101101100100011101000
11111101111001110111110111100010
00000000010110111000000101000111
11111101111000101101001111010011
00000000011000000001110011101011
11111101110111100100011010110100
00000000011001001001101101101011
11111101110110011101011011101110
00000000011010001111110001011100
11111101110101011000010011101010
00000000011011010011111101011010
11111101110100010101000100001100
00000000011100010110010000000000
11111101110011010011101110110110
00000000011101010110100111101110
11111101110010010100010101001000
00000000011110010101000011000101
11111101110001010110111000011101
00000000011111010001100000101100
11111101110000011011011010010000
00000000100000001011111111001010
11111101101111100001111011110111
00000000100001000100011101001001
11111101101110101010011110100111
00000000100001111010111001010111
11111101101101110101000011101111
00000000100010101111010010100101
11111101101101000001101100011110
00000000100011100001100111100110
11111101101100010000011001111110
00000000100100010001110111010010
11111101101011100001001101011001
00000000100101000000000000100001
11111101101010110100000111110001
00000000100101101100000010010000
11111101101010001001001010001010
00000000100110010101111011011111
11111101101001100000010101100010
00000000100110111101101011010010
11111101101000111001101010110100
00000000100111100011010000101110
11111101101000010101001010111000
00000000101000000110101010111100
11111101100111110010110110100101
00000000101000100111111001001000
11111101100111010010101110101011
00000000101001000110111010100011
11111101100110110100110011111010
00000000101001100011101110011111
11111101100110011001000110111110
00000000101001111110010100010001
11111101100101111111101000011111
00000000101010010110101011010100
11111101100101101000011001000001
00000000101010101100110011000100
11111101100101010011011001001000
00000000101011000000101011000000
11111101100101000000101001010000
00000000101011010010010010101011
11111101100100110000001001110111
00000000101011100001101001101100
11111101100100100001111011010100
00000000101011101110101111101101
11111101100100010101111101111011
00000000101011111001100100011010
11111101100100001100010001111110
00000000101100000010000111100011
11111101100100000100110111101100
00000000101100001000011000111100
11111101100011111111101111001110
00000000101100001100011000011100
11111101100011111100111000101101
00000000101100001110000101111101
11111101100011111100010100001101
00000000101100001101100001011101
11111101100011111110000001101110
00000000101100001010101010111011
11111101100100000010000001001110
00000000101100000101100010011110
11111101100100001000010010100111
00000000101011111110001000001011
11111101100100010000110101110000
00000000101011110100011100001111
11111101100100011011101010011101
00000000101011101000011110110110
11111101100100101000110000011101
00000000101011011010010000010011
11111101100100111000000111011110
00000000101011001001110000111001
11111101100101001001101111001010
00000000101010110111000001000010
11111101100101011101100111000110
00000000101010100010000001001001
11111101100101110011101110110101
00000000101010001010110001101011
11111101100110001100000101111000
00000000101001110001010011001100
11111101100110100110101011101011
00000000101001010101100110001111
11111101100111000011011111100111
00000000101000110111101011011111
11111101100111100010100001000010
00000000101000010111100011100101
11111101101000000011101111001110
00000000100111110101001111010010
11111101101000100111001001011100
00000000100111010000101111010110
11111101101001001100101110111000
00000000100110101010000100101000
11111101101001110100011110101010
00000000100110000001010000000000
11111101101010011110010111111010
00000000100101010110010010011000
11111101101011001010011001101001
00000000100100101001001100110001
11111101101011111000100010111000
00000000100011111010000000001011
11111101101100101000110010100011
00000000100011001000101101101100
11111101101101011011000111100101
00000000100010010101010110011011
11111101101110001111100000110011
00000000100001011111111011100011
11111101101111000101111101000001
00000000100000101000011110010010
11111101101111111110011011000000
00000000011111101110111111111001
11111101110000111000111001011110
00000000011110110011100001101100
11111101110001110101010111000100
00000000011101110110000101000010
11111101110010110011110010011100
00000000011100110110101011010100
11111101110011110100001010001010
00000000011011110101010101111110
11111101110100110110011100110000
00000000011010110010000110100000
11111101110101111010101000101110
00000000011001101100111110011100
11111101110111000000101100011111
00000000011000100101111111010110
11111101111000001000100110011111
00000000010111011101001010110111
11111101111001010010010101000011
00000000010110010010100010101000
11111101111010011101110110100001
00000000010101000110001000010110
11111101111011101011001001001011
00000000010011110111111101110001
11111101111100111010001011001111
00000000010010101000000100101011
11111101111110001010111010111011
00000000010001010110011110110111
11111101111111011101010110011000
00000000010000000011001110001110
11111110000000110001011011101111
00000000001110101110010100101000
11111110000010000111001001000101
00000000001101010111110100000001
11111110000011011110011100011101
00000000001011111111101110011000
11111110000100110111010011110111
00000000001010100110000101101101
11111110000110010001101101010010
00000000001001001010111100000010
11111110000111101101100110101011
00000000000111101110010011011101
11111110001001001010111101111011
00000000000110010000001110000101
11111110001010101001110000111010
00000000000100110000101110000010
11111110001100001001111101011101
00000000000011001111110101100000
11111110001101101011100001011010
00000000000001101101100110101101
11111110001111001110011010100000
00000000000000001010000011110111
11111110010000110010100110100001
11111111111110100101001111010000
11111110010010011000000011001010
11111111111100111111001011001011
11111110010011111110101110000111
11111111111011010111111001111100
11111110010101100110100101000010
11111111111001101111011101111010
11111110010111001111100101100100
11111111111000000101111001011110
11111110011000111001101101010100
11111111110110011011001111000001
11111110011010100100111001110111
11111111110100101111100000111111
11111110011100010001001000110000
11111111110011000010110001110101
11111110011101111110010111100011
11111111110001010101000100000010
11111110011111101100100011101111
11111111101111100110011010000101
11111110100001011011101010110100
11111111101101110110110110100000
11111110100011001011101010010000
11111111101100000110011011110110
11111110100100111100011111100000
11111111101010010101001100101010
11111110100110101110000111111111
11111111101000100011001011100010
11111110101000100000100001000111
11111111100110110000011011000011
11111110101010010011101000010010
11111111100100111100111101110110
11111110101100000111011010110111
11111111100011001000110110100011
11111110101101111011110110001110
11111111100001010100000111110010
11111110101111110000110111101110
11111111011111011110110100001111
11111110110001100110011100101010
11111111011101101000111110100011
11111110110011011100100010011001
11111111011011110010101001011100
11111110110101010011000110001110
11111111011001111011110111100101
11111110110111001010000101011011
11111111011000000100101011101100
11111110111001000001011101010100
11111111010110001101001000011111
11111110111010111001001011001011
11111111010100010101010000101011
11111110111100110001001100010000
11111111010010011101000111000001
11111110111110101001011101110101
11111111010000100100101110001110
11111111000000100001111101001010
11111111001110101100001001000010
11111111000010011010100111100000
11111111001100110011011010001110
11111111000100010011011010000110
11111111001010111010100100100001
11111111000110001100010010001101
11111111001001000001101010101100
11111111001000000101001101000101
11111111000111001000101111011110
11111111001001111110000111111100
11111111000101001111110101101001
11111111001011110111000000000100
11111111000011010110111111111100
11111111001101101111110010101010
11111111000001011110010001001000
11111111001111101000011101000000
11111110111111100101101011111100
11111111010001100000111100010101
11111110111101101101010011001001
11111111010011011001001101111010
11111110111011110101001001011110
11111111010101010001001110111111
11111110111001111101010001101011
11111111010111001000111100110101
11111110111000000101101110011101
11111111011001000000010100101110
11111110110110001110100010100100
11111111011010110111010011111100
11111110110100010111110000101110
11111111011100101101110111110000
11111110110010100001011011100110
11111111011110100011111101011111
11111110110000101011100101111011
11111111100000011001100010011100
11111110101110110110010010011000
11111111100010001110100011111011
11111110101101000001100011100111
11111111100100000010111111010011
11111110101011001101011100010011
11111111100101110110110001111000
11111110101001011001111111000110
11111111100111101001111001000011
11111110100111100111001110101000
11111111101001011100010010001011
11111110100101110101001101100000
11111111101011001101111010101010
11111110100100000011111110010100
11111111101100111110101111111001
11111110100010010011100011101010
11111111101110101110101111010101
11111110100000100100000000000101
11111111110000011101110110011010
11111110011110110101010110001000
11111111110010001100000010100111
11111110011101000111101000010101
11111111110011111001010001011001
11111110011011011010111001001011
11111111110101100101100000010011
11111110011001101111001011001001
11111111110111010000101100110110
11111110011000000100100000101100
11111111111000111010110100100110
11111110010110011010111100010000
11111111111010100011110101001000
11111110010100110010100000001110
11111111111100001011101100000011
11111110010011001011001110111111
11111111111101110010010111000000
11111110010001100101001010111010
11111111111111010111110011101000
11111110010000000000010110010011
00000000000000111011111111101001
11111110001110011100110011011101
00000000000010011110111000110000
11111110001100111010100100101001
00000000000100000000011100101100
11111110001011011001101100001000
00000000000101100000101001010000
11111110001001111010001100000101
00000000000110111111011100001111
11111110001000011100000110101100
00000000001000011100110011011111
11111110000110111111011110000111
00000000001001111000101100110111
11111110000101100100010100011101
00000000001011010011000110010011
11111110000100001010101011110001
00000000001100101011111101101101
11111110000010110010100110001000
00000000001110000011010001000101
11111110000001011100000101100010
00000000001111011000111110011011
11111110000000000111001011111100
00000000010000101101000011110010
11111101111110110011111011010011
00000000010001111111011111001111
11111101111101100010010101011111
00000000010011010000001110111011
11111101111100010010011100011001
00000000010100011111010000111111
11111101111011000100010001110100
00000000010101101100100011101000
11111101111001110111110111100010
00000000010110111000000101000111
11111101111000101101001111010011
00000000011000000001110011101011
11111101110111100100011010110100
00000000011001001001101101101011
11111101110110011101011011101110
00000000011010001111110001011100
11111101110101011000010011101010
00000000011011010011111101011010
11111101110100010101000100001100
00000000011100010110010000000000
11111101110011010011101110110110
00000000011101010110100111101110
11111101110010010100010101001000
00000000011110010101000011000101
11111101110001010110111000011101
00000000011111010001100000101100
11111101110000011011011010010000
00000000100000001011111111001010
11111101101111100001111011110111
00000000100001000100011101001001
11111101101110101010011110100111
00000000100001111010111001010111
11111101101101110101000011101111
00000000100010101111010010100101
11111101101101000001101100011110
00000000100011100001100111100110
11111101101100010000011001111110
00000000100100010001110111010010
11111101101011100001001101011001
00000000100101000000000000100001
11111101101010110100000111110001
00000000100101101100000010010000
11111101101010001001001010001010
00000000100110010101111011011111
11111101101001100000010101100010
00000000100110111101101011010010
11111101101000111001101010110100
00000000100111100011010000101110
11111101101000010101001010111000
00000000101000000110101010111100
11111101100111110010110110100101
00000000101000100111111001001000
11111101100111010010101110101011
00000000101001000110111010100011
11111101100110110100110011111010
00000000101001100011101110011111
11111101100110011001000110111110
00000000101001111110010100010001
11111101100101111111101000011111
00000000101010010110101011010100
11111101100101101000011001000001
00000000101010101100110011000100
11111101100101010011011001001000
00000000101011000000101011000000
11111101100101000000101001010000
00000000101011010010010010101011
11111101100100110000001001110111
00000000101011100001101001101100
11111101100100100001111011010100
00000000101011101110101111101101
11111101100100010101111101111011
00000000101011111001100100011010
11111101100100001100010001111110
00000000101100000010000111100011
11111101100100000100110111101100
00000000101100001000011000111100
11111101100011111111101111001110
00000000101100001100011000011100
11111101100011111100111000101101
00000000101100001110000101111101
11111101100011111100010100001101
00000000101100001101100001011101
11111101100011111110000001101110
00000000101100001010101010111011
11111101100100000010000001001110
00000000101100000101100010011110
11111101100100001000010010100111
00000000101011111110001000001011
11111101100100010000110101110000
00000000101011110100011100001111
11111101100100011011101010011101
00000000101011101000011110110110
11111101100100101000110000011101
00000000101011011010010000010011
11111101100100111000000111011110
00000000101011001001110000111001
11111101100101001001101111001010
00000000101010110111000001000010
11111101100101011101100111000110
00000000101010100010000001001001
11111101100101110011101110110101
00000000101010001010110001101011
11111101100110001100000101111000
00000000101001110001010011001100
11111101100110100110101011101011
00000000101001010101100110001111
11111101100111000011011111100111
00000000101000110111101011011111
11111101100111100010100001000010
00000000101000010111100011100101
11111101101000000011101111001110
00000000100111110101001111010010
11111101101000100111001001011100
00000000100111010000101111010110
11111101101001001100101110111000
00000000100110101010000100101000
11111101101001110100011110101010
00000000100110000001010000000000
11111101101010011110010111111010
00000000100101010110010010011000
11111101101011001010011001101001
00000000100100101001001100110001
11111101101011111000100010111000
00000000100011111010000000001011
11111101101100101000110010100011
00000000100011001000101101101100
11111101101101011011000111100101
00000000100010010101010110011011
11111101101110001111100000110011
00000000100001011111111011100011
11111101101111000101111101000001
00000000100000101000011110010010
11111101101111111110011011000000
00000000011111101110111111111001
11111101110000111000111001011110
00000000011110110011100001101100
11111101110001110101010111000100
00000000011101110110000101000010
11111101110010110011110010011100
00000000011100110110101011010100
11111101110011110100001010001010
00000000011011110101010101111110
11111101110100110110011100110000
00000000011010110010000110100000
11111101110101111010101000101110
00000000011001101100111110011100
11111101110111000000101100011111
00000000011000100101111111010110
11111101111000001000100110011111
00000000010111011101001010110111
11111101111001010010010101000011
00000000010110010010100010101000
11111101111010011101110110100001
00000000010101000110001000010110
11111101111011101011001001001011
00000000010011110111111101110001
11111101111100111010001011001111
00000000010010101000000100101011
11111101111110001010111010111011
00000000010001010110011110110111
11111101111111011101010110011000
00000000010000000011001110001110
11111110000000110001011011101111
00000000001110101110010100101000
11111110000010000111001001000101
00000000001101010111110100000001
11111110000011011110011100011101
00000000001011111111101110011000
11111110000100110111010011110111
00000000001010100110000101101101
11111110000110010001101101010010
00000000001001001010111100000010
11111110000111101101100110101011
00000000000111101110010011011101
11111110001001001010111101111011
00000000000110010000001110000101
11111110001010101001110000111010
00000000000100110000101110000010
11111110001100001001111101011101
00000000000011001111110101100000
11111110001101101011100001011010
00000000000001101101100110101101
11111110001111001110011010100000
00000000000000001010000011110111
11111110010000110010100110100001
11111111111110100101001111010000
11111110010010011000000011001010
11111111111100111111001011001011
11111110010011111110101110000111
11111111111011010111111001111100
11111110010101100110100101000010
11111111111001101111011101111010
11111110010111001111100101100100
11111111111000000101111001011110
11111110011000111001101101010100
11111111110110011011001111000001
11111110011010100100111001110111
11111111110100101111100000111111
11111110011100010001001000110000
11111111110011000010110001110101
11111110011101111110010111100011
11111111110001010101000100000010
11111110011111101100100011101111
11111111101111100110011010000101
11111110100001011011101010110100
11111111101101110110110110100000
11111110100011001011101010010000
11111111101100000110011011110110
11111110100100111100011111100000
11111111101010010101001100101010
11111110100110101110000111111111
11111111101000100011001011100010
11111110101000100000100001000111
11111111100110110000011011000011
11111110101010010011101000010010
11111111100100111100111101110110
11111110101100000111011010110111
11111111100011001000110110100011
11111110101101111011110110001110
11111111100001010100000111110010
11111110101111110000110111101110
11111111011111011110110100001111
11111110110001100110011100101010
11111111011101101000111110100011
11111110110011011100100010011001
11111111011011110010101001011100
11111110110101010011000110001110
11111111011001111011110111100101
11111110110111001010000101011011
11111111011000000100101011101100
11111110111001000001011101010100
11111111010110001101001000011111
11111110111010111001001011001011
11111111010100010101010000101011
11111110111100110001001100010000
11111111010010011101000111000001
11111110111110101001011101110101
11111111010000100100101110001110
11111111000000100001111101001010
11111111001110101100001001000010
11111111000010011010100111100000
11111111001100110011011010001110
11111111000100010011011010000110
11111111001010111010100100100001
11111111000110001100010010001101
11111111001001000001101010101100
11111111001000000101001101000101
11111111000111001000101111011110
11111111001001111110000111111100
11111111000101001111110101101001
11111111001011110111000000000100
11111111000011010110111111111100
11111111001101101111110010101010
11111111000001011110010001001000
11111111001111101000011101000000
11111110111111100101101011111100
11111111010001100000111100010101
11111110111101101101010011001001
11111111010011011001001101111010
11111110111011110101001001011110
11111111010101010001001110111111
11111110111001111101010001101011
11111111010111001000111100110101
11111110111000000101101110011101
11111111011001000000010100101110
11111110110110001110100010100100
11111111011010110111010011111100
11111110110100010111110000101110
11111111011100101101110111110000
11111110110010100001011011100110
11111111011110100011111101011111
11111110110000101011100101111011
11111111100000011001100010011100
11111110101110110110010010011000
11111111100010001110100011111011
11111110101101000001100011100111
11111111100100000010111111010011
11111110101011001101011100010011
11111111100101110110110001111000
11111110101001011001111111000110
11111111100111101001111001000011
11111110100111100111001110101000
11111111101001011100010010001011
11111110100101110101001101100000
11111111101011001101111010101010
11111110100100000011111110010100
11111111101100111110101111111001
11111110100010010011100011101010
11111111101110101110101111010101
11111110100000100100000000000101
11111111110000011101110110011010
11111110011110110101010110001000
11111111110010001100000010100111
11111110011101000111101000010101
11111111110011111001010001011001
11111110011011011010111001001011
11111111110101100101100000010011
11111110011001101111001011001001
11111111110111010000101100110110
11111110011000000100100000101100
11111111111000111010110100100110
11111110010110011010111100010000
11111111111010100011110101001000
11111110010100110010100000001110
11111111111100001011101100000011
11111110010011001011001110111111
11111111111101110010010111000000
11111110010001100101001010111010
11111111111111010111110011101000
11111110010000000000010110010011
00000000000000111011111111101001
11111110001110011100110011011101
00000000000010011110111000110000
11111110001100111010100100101001
00000000000100000000011100101100
11111110001011011001101100001000
00000000000101100000101001010000
11111110001001111010001100000101
00000000000110111111011100001111
11111110001000011100000110101100
00000000001000011100110011011111
11111110000110111111011110000111
00000000001001111000101100110111
11111110000101100100010100011101
00000000001011010011000110010011
11111110000100001010101011110001
00000000001100101011111101101101
11111110000010110010100110001000
00000000001110000011010001000101
11111110000001011100000101100010
00000000001111011000111110011011
11111110000000000111001011111100
00000000010000101101000011110010
11111101111110110011111011010011
00000000010001111111011111001111
11111101111101100010010101011111
00000000010011010000001110111011
11111101111100010010011100011001
00000000010100011111010000111111
11111101111011000100010001110100
00000000010101101100100011101000
11111101111001110111110111100010
00000000010110111000000101000111
11111101111000101101001111010011
00000000011000000001110011101011
11111101110111100100011010110100
00000000011001001001101101101011
11111101110110011101011011101110
00000000011010001111110001011100
11111101110101011000010011101010
00000000011011010011111101011010
11111101110100010101000100001100
00000000011100010110010000000000
11111101110011010011101110110110
00000000011101010110100111101110
11111101110010010100010101001000
00000000011110010101000011000101
11111101110001010110111000011101
00000000011111010001100000101100
11111101110000011011011010010000
00000000100000001011111111001010
11111101101111100001111011110111
00000000100001000100011101001001
11111101101110101010011110100111
00000000100001111010111001010111
11111101101101110101000011101111
00000000100010101111010010100101
11111101101101000001101100011110
00000000100011100001100111100110
11111101101100010000011001111110
00000000100100010001110111010010
11111101101011100001001101011001
00000000100101000000000000100001
11111101101010110100000111110001
00000000100101101100000010010000
11111101101010001001001010001010
00000000100110010101111011011111
11111101101001100000010101100010
00000000100110111101101011010010
11111101101000111001101010110100
00000000100111100011010000101110
11111101101000010101001010111000
00000000101000000110101010111100
11111101100111110010110110100101
00000000101000100111111001001000
11111101100111010010101110101011
00000000101001000110111010100011
11111101100110110100110011111010
00000000101001100011101110011111
11111101100110011001000110111110
00000000101001111110010100010001
11111101100101111111101000011111
00000000101010010110101011010100
11111101100101101000011001000001
00000000101010101100110011000100
11111101100101010011011001001000
00000000101011000000101011000000
11111101100101000000101001010000
00000000101011010010010010101011
11111101100100110000001001110111
00000000101011100001101001101100
11111101100100100001111011010100
00000000101011101110101111101101
11111101100100010101111101111011
00000000101011111001100100011010
11111101100100001100010001111110
00000000101100000010000111100011
11111101100100000100110111101100
00000000101100001000011000111100
11111101100011111111101111001110
00000000101100001100011000011100
11111101100011111100111000101101
00000000101100001110000101111101
11111101100011111100010100001101
00000000101100001101100001011101
11111101100011111110000001101110
00000000101100001010101010111011
11111101100100000010000001001110
00000000101100000101100010011110
11111101100100001000010010100111
00000000101011111110001000001011
11111101100100010000110101110000
00000000101011110100011100001111
11111101100100011011101010011101
00000000101011101000011110110110
11111101100100101000110000011101
00000000101011011010010000010011
11111101100100111000000111011110
00000000101011001001110000111001
11111101100101001001101111001010
00000000101010110111000001000010
11111101100101011101100111000110
00000000101010100010000001001001
11111101100101110011101110110101
00000000101010001010110001101011
11111101100110001100000101111000
00000000101001110001010011001100
11111101100110100110101011101011
00000000101001010101100110001111
11111101100111000011011111100111
00000000101000110111101011011111
11111101100111100010100001000010
00000000101000010111100011100101
11111101101000000011101111001110
00000000100111110101001111010010
11111101101000100111001001011100
00000000100111010000101111010110
11111101101001001100101110111000
00000000100110101010000100101000
11111101101001110100011110101010
00000000100110000001010000000000
11111101101010011110010111111010
00000000100101010110010010011000
11111101101011001010011001101001
00000000100100101001001100110001
11111101101011111000100010111000
00000000100011111010000000001011
11111101101100101000110010100011
00000000100011001000101101101100
11111101101101011011000111100101
00000000100010010101010110011011
11111101101110001111100000110011
00000000100001011111111011100011
11111101101111000101111101000001
00000000100000101000011110010010
11111101101111111110011011000000
00000000011111101110111111111001
11111101110000111000111001011110
00000000011110110011100001101100
11111101110001110101010111000100
00000000011101110110000101000010
11111101110010110011110010011100
00000000011100110110101011010100
11111101110011110100001010001010
00000000011011110101010101111110
11111101110100110110011100110000
00000000011010110010000110100000
11111101110101111010101000101110
00000000011001101100111110011100
11111101110111000000101100011111
00000000011000100101111111010110
11111101111000001000100110011111
00000000010111011101001010110111
11111101111001010010010101000011
00000000010110010010100010101000
11111101111010011101110110100001
00000000010101000110001000010110
11111101111011101011001001001011
00000000010011110111111101110001
11111101111100111010001011001111
00000000010010101000000100101011
11111101111110001010111010111011
00000000010001010110011110110111
11111101111111011101010110011000
00000000010000000011001110001110
11111110000000110001011011101111
00000000001110101110010100101000
11111110000010000111001001000101
00000000001101010111110100000001
11111110000011011110011100011101
00000000001011111111101110011000
11111110000100110111010011110111
00000000001010100110000101101101
11111110000110010001101101010010
00000000001001001010111100000010
11111110000111101101100110101011
00000000000111101110010011011101
11111110001001001010111101111011
00000000000110010000001110000101
11111110001010101001110000111010
00000000000100110000101110000010
11111110001100001001111101011101
00000000000011001111110101100000
11111110001101101011100001011010
00000000000001101101100110101101
11111110001111001110011010100000
00000000000000001010000011110111
11111110010000110010100110100001
11111111111110100101001111010000
11111110010010011000000011001010
11111111111100111111001011001011
11111110010011111110101110000111
11111111111011010111111001111100
11111110010101100110100101000010
11111111111001101111011101111010
11111110010111001111100101100100
11111111111000000101111001011110
11111110011000111001101101010100
11111111110110011011001111000001
11111110011010100100111001110111
11111111110100101111100000111111
11111110011100010001001000110000
11111111110011000010110001110101
11111110011101111110010111100011
11111111110001010101000100000010
11111110011111101100100011101111
11111111101111100110011010000101
11111110100001011011101010110100
11111111101101110110110110100000
11111110100011001011101010010000
11111111101100000110011011110110
11111110100100111100011111100000
11111111101010010101001100101010
11111110100110101110000111111111
11111111101000100011001011100010
11111110101000100000100001000111
11111111100110110000011011000011
11111110101010010011101000010010
11111111100100111100111101110110
11111110101100000111011010110111
11111111100011001000110110100011
11111110101101111011110110001110
11111111100001010100000111110010
11111110101111110000110111101110
11111111011111011110110100001111
11111110110001100110011100101010
11111111011101101000111110100011
11111110110011011100100010011001
11111111011011110010101001011100
11111110110101010011000110001110
11111111011001111011110111100101
11111110110111001010000101011011
11111111011000000100101011101100
11111110111001000001011101010100
11111111010110001101001000011111
11111110111010111001001011001011
11111111010100010101010000101011
11111110111100110001001100010000
11111111010010011101000111000001
11111110111110101001011101110101
11111111010000100100101110001110
11111111000000100001111101001010
11111111001110101100001001000010
11111111000010011010100111100000
11111111001100110011011010001110
11111111000100010011011010000110
11111111001010111010100100100001
11111111000110001100010010001101
11111111001001000001101010101100
11111111001000000101001101000101
